"id"	"sex"	"beep"	"pa1"	"pa2"	"pa3"	"na1"	"na2"	"na3"	"na4"
1	"female"	1	2	7	4	4	1	3	2
1	"female"	2	1	6	4	6	1	5	3
1	"female"	3	1	6	2	4	1	3	1
1	"female"	4	2	7	4	6	1	5	3
1	"female"	5	3	7	3	4	1	3	2
1	"female"	6	2	7	3	5	2	4	3
1	"female"	7	1	6	1	5	1	6	5
1	"female"	9	1	5	1	6	2	4	1
1	"female"	10	2	5	4	4	1	3	3
1	"female"	11	2	6	3	5	3	5	4
1	"female"	12	1	6	1	6	3	7	4
1	"female"	15	1	7	3	6	1	5	4
1	"female"	16	2	7	2	4	1	3	1
1	"female"	18	1	5	1	5	3	5	3
1	"female"	21	1	6	3	5	1	4	1
1	"female"	22	1	7	2	6	1	4	4
1	"female"	23	1	6	2	5	1	4	2
1	"female"	24	1	7	2	7	1	5	4
1	"female"	25	1	7	3	4	1	4	2
1	"female"	26	1	5	1	6	1	5	2
1	"female"	27	2	7	4	4	1	2	1
1	"female"	28	2	7	3	6	2	4	3
1	"female"	29	1	6	3	4	2	4	3
1	"female"	30	2	6	2	4	1	2	1
1	"female"	34	2	7	4	5	1	5	3
1	"female"	35	1	5	2	6	3	4	2
1	"female"	36	3	7	4	5	1	2	2
1	"female"	38	2	7	2	5	1	3	2
1	"female"	40	1	5	2	5	1	4	4
2	"male"	1	2	3	3	4	3	2	4
2	"male"	2	5	6	5	2	1	1	1
2	"male"	4	2	4	3	4	2	1	3
2	"male"	5	2	5	2	4	3	1	4
2	"male"	7	1	6	3	3	3	1	5
2	"male"	8	3	6	3	3	3	1	4
2	"male"	9	4	7	4	2	2	1	4
2	"male"	10	1	4	4	5	3	1	5
2	"male"	11	2	5	2	5	4	1	6
2	"male"	14	2	6	5	4	4	1	5
2	"male"	15	1	3	3	5	4	2	4
2	"male"	16	1	4	1	4	4	1	3
2	"male"	17	3	6	4	4	3	1	4
2	"male"	18	2	5	3	4	3	1	4
2	"male"	19	2	6	4	3	2	1	3
2	"male"	20	3	7	5	4	2	1	4
2	"male"	23	2	7	5	3	2	1	3
2	"male"	24	2	5	5	5	3	2	6
2	"male"	25	3	7	6	3	2	1	2
2	"male"	26	2	6	3	3	1	1	3
2	"male"	27	2	5	4	4	2	1	3
2	"male"	28	3	6	3	3	3	1	3
2	"male"	30	2	6	4	5	1	1	5
2	"male"	32	3	5	4	3	2	1	5
2	"male"	33	3	7	4	3	2	1	5
2	"male"	34	2	6	3	4	2	1	5
2	"male"	35	3	6	5	2	2	1	4
2	"male"	37	3	7	5	1	1	1	3
2	"male"	38	1	4	4	3	3	2	5
2	"male"	39	2	5	3	3	4	1	5
2	"male"	40	3	6	4	4	2	2	4
3	"male"	1	2	6	4	4	3	4	1
3	"male"	2	2	6	4	5	1	2	1
3	"male"	3	2	5	4	5	4	4	1
3	"male"	4	1	5	3	7	3	5	2
3	"male"	6	2	6	4	6	3	4	1
3	"male"	7	2	6	5	5	3	2	1
3	"male"	8	2	5	4	5	3	2	2
3	"male"	9	2	6	4	6	3	5	2
3	"male"	10	2	6	5	5	2	2	1
3	"male"	17	1	5	3	4	3	4	3
3	"male"	18	2	4	4	4	3	4	2
3	"male"	20	2	4	5	5	3	3	1
3	"male"	21	1	4	2	7	4	4	1
3	"male"	23	2	4	2	4	4	5	2
3	"male"	24	1	5	4	5	3	3	2
3	"male"	25	2	5	4	6	2	4	1
3	"male"	26	2	5	4	6	2	4	1
3	"male"	27	1	2	1	6	4	5	2
3	"male"	28	1	4	4	7	3	3	2
3	"male"	29	1	4	2	5	2	3	1
3	"male"	33	1	4	2	6	4	5	1
3	"male"	34	2	3	2	5	3	4	1
3	"male"	35	2	6	4	4	2	2	1
3	"male"	36	2	4	3	4	2	1	1
3	"male"	37	3	6	4	5	3	2	1
3	"male"	38	3	5	4	5	2	2	1
3	"male"	39	1	4	3	5	2	5	1
4	"male"	1	3	6	3	4	1	5	3
4	"male"	2	3	3	1	4	2	7	4
4	"male"	3	1	3	2	5	2	5	3
4	"male"	4	2	4	3	5	2	3	3
4	"male"	5	3	4	4	5	2	6	3
4	"male"	6	1	3	2	4	2	4	3
4	"male"	7	2	5	1	4	1	3	3
4	"male"	9	4	5	4	4	1	4	2
4	"male"	10	3	4	3	5	1	4	4
4	"male"	12	3	3	4	4	2	4	3
4	"male"	14	2	4	1	5	1	4	3
4	"male"	15	3	4	3	5	1	5	2
4	"male"	16	3	4	3	2	1	3	3
4	"male"	17	3	5	2	5	1	5	4
4	"male"	18	3	5	3	3	1	3	4
4	"male"	19	2	3	2	6	1	5	3
4	"male"	20	3	6	4	3	1	3	3
4	"male"	23	3	5	3	4	1	4	4
4	"male"	24	3	4	4	3	1	4	2
4	"male"	25	2	5	4	5	2	4	4
4	"male"	26	2	4	2	5	2	5	4
4	"male"	27	3	3	2	6	3	5	4
4	"male"	28	4	7	4	5	1	3	2
4	"male"	30	2	4	2	5	1	4	4
4	"male"	32	3	3	3	3	1	2	3
4	"male"	33	2	3	1	5	2	4	4
4	"male"	34	3	5	3	5	2	5	4
4	"male"	35	2	3	2	4	1	5	4
4	"male"	36	3	5	2	4	1	4	2
4	"male"	37	2	5	4	6	1	3	4
4	"male"	38	4	5	3	4	1	4	2
4	"male"	39	2	4	1	5	1	5	4
5	"female"	1	4	5	2	6	1	3	1
5	"female"	2	5	6	3	4	1	1	1
5	"female"	3	6	7	5	5	1	3	1
5	"female"	4	6	7	3	5	1	1	1
5	"female"	5	6	7	4	3	1	1	1
5	"female"	6	7	7	3	6	1	4	1
5	"female"	7	5	6	4	6	1	3	2
5	"female"	8	6	7	5	5	1	4	1
5	"female"	9	6	7	4	5	1	3	1
5	"female"	10	5	6	3	4	1	3	2
5	"female"	12	5	6	1	5	1	3	1
5	"female"	13	7	7	5	4	1	1	1
5	"female"	14	6	7	3	4	1	3	1
5	"female"	16	5	6	1	5	1	3	2
5	"female"	17	5	7	3	3	1	1	1
5	"female"	18	5	7	4	4	1	2	1
5	"female"	19	5	6	3	5	1	1	1
5	"female"	20	7	7	3	3	1	1	1
5	"female"	22	6	6	4	4	1	2	1
5	"female"	23	6	7	4	5	1	1	1
5	"female"	24	6	7	4	5	1	1	1
5	"female"	25	6	7	4	5	1	4	1
5	"female"	26	5	5	2	5	1	1	2
5	"female"	27	5	7	2	5	1	2	1
5	"female"	28	3	5	3	6	2	4	1
5	"female"	29	5	6	3	4	1	1	1
5	"female"	31	5	6	3	5	1	3	1
5	"female"	32	5	7	4	5	2	2	3
5	"female"	34	4	7	3	5	1	3	1
5	"female"	36	4	5	1	6	1	3	2
5	"female"	37	4	5	2	7	1	5	2
5	"female"	39	3	5	1	6	2	4	2
5	"female"	40	6	6	2	4	1	1	1
6	"female"	1	2	6	2	4	1	4	3
6	"female"	2	4	7	3	4	1	4	1
6	"female"	3	2	7	4	5	2	5	3
6	"female"	4	2	7	3	7	2	5	3
6	"female"	6	2	7	4	4	1	5	1
6	"female"	8	3	7	3	5	2	5	2
6	"female"	10	3	7	2	4	3	4	4
6	"female"	11	2	6	2	5	3	5	4
6	"female"	13	1	7	3	5	2	5	2
6	"female"	14	2	7	3	5	2	4	2
6	"female"	15	2	5	2	6	3	6	4
6	"female"	16	4	6	3	4	1	4	2
6	"female"	19	3	7	3	3	1	2	1
6	"female"	20	1	6	2	6	4	6	4
6	"female"	22	2	6	3	4	2	5	3
6	"female"	23	2	5	2	3	2	4	3
6	"female"	24	3	7	3	5	2	5	2
6	"female"	25	2	7	2	5	1	5	3
6	"female"	26	1	7	2	4	2	4	2
6	"female"	27	3	7	4	4	1	3	3
6	"female"	28	1	5	2	6	2	6	4
6	"female"	29	2	5	2	3	2	4	3
6	"female"	30	1	6	1	4	1	4	3
6	"female"	32	2	7	3	3	1	4	2
6	"female"	33	2	7	4	4	1	4	1
6	"female"	34	1	7	2	5	1	5	3
6	"female"	35	3	7	4	4	1	4	2
6	"female"	36	3	7	3	6	2	6	1
6	"female"	37	1	5	2	5	3	4	2
6	"female"	38	3	7	4	4	1	4	1
6	"female"	40	4	7	5	4	1	4	2
7	"male"	2	7	7	7	2	1	1	1
7	"male"	4	7	6	5	4	1	1	4
7	"male"	5	7	7	6	3	1	1	1
7	"male"	6	7	7	5	4	1	1	4
7	"male"	7	7	7	6	2	1	1	1
7	"male"	8	7	7	5	4	1	1	2
7	"male"	9	7	7	7	3	1	1	1
7	"male"	10	7	7	4	4	1	1	2
7	"male"	11	7	7	5	3	1	1	2
7	"male"	12	7	7	6	3	1	2	3
7	"male"	15	7	7	5	4	1	1	3
7	"male"	16	7	7	6	5	1	1	3
7	"male"	17	7	7	7	2	1	1	2
7	"male"	18	7	7	6	4	1	1	1
7	"male"	21	7	7	4	3	1	1	1
7	"male"	22	7	7	6	4	1	1	1
7	"male"	23	7	7	7	2	1	1	1
7	"male"	25	7	7	6	1	1	1	1
7	"male"	26	7	7	6	4	1	1	3
7	"male"	27	7	7	5	3	1	1	1
7	"male"	28	7	6	5	4	1	2	3
7	"male"	30	7	7	6	2	1	1	1
7	"male"	31	7	7	7	4	1	1	2
7	"male"	32	7	7	6	3	1	1	1
7	"male"	33	7	7	6	3	1	1	1
7	"male"	35	7	7	6	2	1	1	1
7	"male"	36	7	7	5	3	1	1	3
8	"female"	2	5	5	4	5	2	2	2
8	"female"	3	6	6	5	4	1	1	1
8	"female"	5	6	6	4	3	2	1	1
8	"female"	6	7	7	5	2	1	1	1
8	"female"	7	6	4	4	5	2	2	1
8	"female"	8	7	6	5	4	2	2	1
8	"female"	9	5	4	3	3	1	2	1
8	"female"	10	7	7	5	3	1	1	1
8	"female"	12	7	5	4	5	1	2	1
8	"female"	13	4	5	2	5	4	3	2
8	"female"	16	5	4	4	4	2	1	1
8	"female"	17	7	6	5	3	1	1	1
8	"female"	18	5	4	2	4	2	2	1
8	"female"	19	4	4	4	4	1	1	1
8	"female"	20	4	5	4	5	4	2	2
8	"female"	22	5	5	3	4	1	1	1
8	"female"	23	5	5	3	4	1	1	1
8	"female"	25	6	6	5	4	1	1	1
8	"female"	27	5	5	4	2	1	1	1
8	"female"	28	6	4	4	3	1	1	1
8	"female"	31	5	5	4	3	1	1	1
8	"female"	32	7	6	5	5	3	3	1
8	"female"	34	7	5	4	6	1	1	1
8	"female"	36	6	7	4	5	1	2	1
8	"female"	38	6	4	3	3	1	1	1
8	"female"	40	5	5	3	5	2	1	1
9	"female"	3	5	4	3	4	5	2	1
9	"female"	5	4	4	4	4	3	1	1
9	"female"	6	4	4	3	5	4	2	1
9	"female"	7	4	2	2	6	4	4	1
9	"female"	8	5	4	5	6	4	4	1
9	"female"	9	4	3	4	3	5	3	1
9	"female"	10	4	2	3	5	4	3	1
9	"female"	12	4	4	5	3	4	1	1
9	"female"	13	4	4	4	4	5	2	1
9	"female"	15	4	2	3	6	4	4	1
9	"female"	16	3	1	2	5	5	5	1
9	"female"	17	4	3	2	6	5	3	1
9	"female"	18	4	4	3	4	3	2	1
9	"female"	19	3	2	3	7	4	3	1
9	"female"	21	4	3	3	7	5	2	1
9	"female"	22	2	3	4	4	3	3	1
9	"female"	23	2	3	3	5	5	4	1
9	"female"	24	5	4	4	3	3	2	1
9	"female"	25	6	3	4	4	3	2	1
9	"female"	26	4	2	4	6	6	3	1
9	"female"	27	3	3	2	5	6	3	1
9	"female"	28	2	1	2	5	7	4	2
9	"female"	29	4	5	4	5	6	3	1
9	"female"	31	5	3	2	4	5	3	1
9	"female"	32	4	3	3	6	6	4	2
9	"female"	33	5	3	5	5	5	2	1
9	"female"	36	4	3	3	6	7	4	1
9	"female"	37	4	3	3	6	6	2	2
9	"female"	38	5	4	4	5	4	2	1
9	"female"	39	4	4	3	4	4	3	1
9	"female"	40	4	2	3	4	3	1	1
10	"male"	1	5	7	7	1	1	1	1
10	"male"	2	4	6	5	1	1	1	1
10	"male"	3	3	5	3	1	1	1	1
10	"male"	5	4	6	5	1	1	1	1
10	"male"	6	5	6	4	1	2	1	1
10	"male"	7	6	6	5	1	3	1	1
10	"male"	8	4	6	5	1	1	1	2
10	"male"	9	4	6	6	1	1	1	1
10	"male"	12	5	6	5	1	2	1	1
10	"male"	14	5	6	5	1	1	1	2
10	"male"	15	5	7	4	1	1	1	1
10	"male"	16	5	6	5	2	1	1	1
10	"male"	17	6	7	7	1	1	1	1
10	"male"	20	5	6	5	1	1	1	1
10	"male"	21	5	6	4	1	1	1	1
10	"male"	22	3	5	4	2	2	1	2
10	"male"	23	4	7	5	1	1	1	2
10	"male"	24	4	7	5	1	1	1	3
10	"male"	26	6	7	6	1	1	1	1
10	"male"	28	3	6	5	1	1	1	2
10	"male"	29	6	6	6	1	2	1	1
10	"male"	31	6	6	5	1	1	1	1
10	"male"	32	5	6	6	1	1	1	1
10	"male"	33	6	7	7	1	1	1	1
10	"male"	34	5	7	7	1	1	1	1
10	"male"	35	2	5	6	1	2	1	2
10	"male"	37	6	7	6	1	1	1	1
10	"male"	38	5	6	5	1	1	1	1
10	"male"	39	5	7	4	1	1	1	1
10	"male"	40	7	7	7	1	1	1	1
11	"male"	3	5	5	3	3	1	1	2
11	"male"	4	1	3	3	2	2	2	2
11	"male"	7	3	2	2	1	1	1	1
11	"male"	8	5	5	3	1	1	1	1
11	"male"	9	3	3	2	3	1	1	1
11	"male"	10	5	6	3	2	1	1	1
11	"male"	11	5	5	4	1	1	1	1
11	"male"	12	4	3	3	3	2	2	1
11	"male"	13	4	4	4	3	2	1	2
11	"male"	14	5	5	4	3	1	1	1
11	"male"	15	5	4	4	2	1	1	1
11	"male"	16	4	5	4	1	1	1	1
11	"male"	17	3	3	3	4	1	1	1
11	"male"	18	4	5	3	2	1	1	1
11	"male"	21	5	4	3	2	1	1	1
11	"male"	23	4	3	2	3	1	1	2
11	"male"	24	3	3	3	2	1	1	2
11	"male"	25	4	3	4	2	1	1	1
11	"male"	26	5	4	2	4	1	1	2
11	"male"	28	3	2	1	3	2	1	2
11	"male"	29	4	3	2	3	1	1	1
11	"male"	30	4	4	3	4	2	1	1
11	"male"	33	4	4	2	3	1	1	1
11	"male"	34	2	4	3	3	1	1	1
11	"male"	35	3	2	2	4	2	1	1
11	"male"	37	4	5	4	2	1	1	1
11	"male"	38	3	3	3	3	1	1	1
11	"male"	39	4	3	3	3	1	1	1
12	"male"	1	4	7	5	2	2	2	2
12	"male"	2	3	7	4	4	4	3	1
12	"male"	3	3	7	4	2	6	3	4
12	"male"	4	3	5	4	3	4	2	2
12	"male"	5	2	5	4	3	3	4	2
12	"male"	6	2	5	4	4	6	3	3
12	"male"	7	4	7	3	3	4	3	2
12	"male"	8	3	6	4	2	2	3	4
12	"male"	9	4	6	3	3	3	3	2
12	"male"	10	3	6	5	5	3	3	3
12	"male"	12	3	7	5	4	5	3	3
12	"male"	15	1	4	3	5	4	3	5
12	"male"	16	1	4	2	3	4	5	4
12	"male"	17	4	6	4	4	4	3	2
12	"male"	18	5	7	5	2	2	2	1
12	"male"	20	3	7	5	2	3	3	2
12	"male"	21	4	7	5	4	5	3	2
12	"male"	22	2	6	3	2	4	5	2
12	"male"	23	4	7	4	2	4	1	2
12	"male"	24	2	5	3	3	4	2	4
12	"male"	25	3	5	3	1	3	3	2
12	"male"	26	1	5	1	3	5	5	4
12	"male"	27	2	5	3	3	4	3	3
12	"male"	28	3	5	3	2	5	4	3
12	"male"	29	2	5	2	6	5	4	4
12	"male"	30	2	6	3	4	4	3	3
12	"male"	32	4	7	4	3	4	4	4
12	"male"	33	4	7	4	2	3	3	2
12	"male"	34	2	5	4	2	4	2	1
12	"male"	37	3	6	3	2	5	3	3
12	"male"	38	4	7	5	1	2	3	1
12	"male"	39	1	5	1	3	3	4	3
12	"male"	40	3	6	4	3	3	3	1
13	"male"	2	2	5	1	5	3	6	4
13	"male"	3	5	5	2	4	1	3	2
13	"male"	4	1	5	2	4	2	5	4
13	"male"	5	3	5	2	4	1	3	3
13	"male"	6	4	7	3	4	1	4	1
13	"male"	7	3	5	2	4	1	4	2
13	"male"	8	3	6	2	3	1	5	2
13	"male"	9	3	6	2	5	1	4	2
13	"male"	11	4	3	2	4	2	5	3
13	"male"	15	1	3	1	5	1	4	2
13	"male"	16	2	4	2	5	2	5	2
13	"male"	17	4	4	2	5	1	5	1
13	"male"	18	2	4	1	5	1	4	3
13	"male"	23	3	5	1	5	1	4	2
13	"male"	24	4	6	3	6	1	4	3
13	"male"	25	2	5	2	5	1	3	2
13	"male"	26	4	4	3	3	1	3	2
13	"male"	29	2	4	1	5	1	5	1
13	"male"	30	1	4	1	5	3	4	4
13	"male"	31	1	4	1	5	2	4	2
13	"male"	32	3	2	1	5	1	3	2
13	"male"	33	3	6	3	5	1	4	3
13	"male"	34	2	4	2	6	3	6	3
13	"male"	35	4	5	2	5	3	5	4
13	"male"	36	4	5	2	5	1	4	2
13	"male"	37	2	4	1	5	1	5	2
13	"male"	38	3	6	2	4	1	4	2
13	"male"	40	2	4	1	4	1	3	1
14	"male"	1	7	7	6	1	1	1	1
14	"male"	2	7	7	4	2	1	2	1
14	"male"	3	6	7	5	3	1	1	1
14	"male"	4	5	7	4	5	2	3	3
14	"male"	5	4	7	4	3	1	2	3
14	"male"	6	5	7	4	2	1	2	2
14	"male"	7	6	7	4	2	1	1	1
14	"male"	8	7	7	5	2	1	1	1
14	"male"	9	7	7	7	1	1	1	1
14	"male"	12	6	7	3	5	1	2	1
14	"male"	13	5	7	4	3	1	2	2
14	"male"	15	7	7	4	1	1	1	2
14	"male"	16	6	5	4	3	1	3	2
14	"male"	17	4	6	3	4	1	2	3
14	"male"	19	6	7	4	3	1	1	2
14	"male"	21	6	7	5	3	1	1	1
14	"male"	23	6	7	3	4	1	2	1
14	"male"	24	7	7	4	1	1	1	2
14	"male"	25	6	7	3	2	1	1	1
14	"male"	26	5	6	4	2	2	2	1
14	"male"	28	7	7	4	2	1	1	1
14	"male"	29	6	7	4	3	1	2	1
14	"male"	31	5	7	3	3	1	2	2
14	"male"	34	5	7	3	4	1	3	3
14	"male"	35	7	7	4	2	1	1	1
14	"male"	36	7	7	4	2	1	1	1
14	"male"	37	7	7	6	2	1	1	1
14	"male"	38	6	7	4	3	1	2	3
14	"male"	39	5	7	5	3	1	1	2
14	"male"	40	7	7	6	1	1	1	1
15	"male"	1	4	5	5	4	1	4	2
15	"male"	2	2	5	3	5	1	6	2
15	"male"	3	3	4	4	4	1	5	3
15	"male"	4	5	6	4	4	1	4	2
15	"male"	6	3	4	5	4	3	5	2
15	"male"	9	3	4	4	6	1	6	4
15	"male"	10	2	4	4	4	1	6	4
15	"male"	11	4	5	3	3	2	4	3
15	"male"	12	2	2	3	5	3	7	5
15	"male"	13	1	4	4	6	2	6	3
15	"male"	14	3	6	5	5	1	5	3
15	"male"	15	2	5	3	4	2	6	4
15	"male"	16	2	3	3	2	2	6	3
15	"male"	17	4	5	6	4	1	4	1
15	"male"	18	3	3	4	4	1	5	4
15	"male"	19	3	5	3	5	1	6	4
15	"male"	20	4	6	5	5	1	4	3
15	"male"	22	2	3	3	5	1	5	6
15	"male"	24	1	3	3	5	1	3	3
15	"male"	25	3	4	3	5	3	7	5
15	"male"	26	4	4	3	4	1	5	2
15	"male"	27	5	6	4	5	1	4	2
15	"male"	28	5	5	5	4	1	4	2
15	"male"	29	4	5	3	3	1	4	2
15	"male"	30	4	4	4	5	1	4	4
15	"male"	31	2	4	3	6	2	6	4
15	"male"	32	3	5	5	5	2	6	4
15	"male"	33	2	5	3	4	1	5	5
15	"male"	35	1	4	3	5	2	5	4
15	"male"	36	3	4	3	5	1	5	4
15	"male"	37	4	5	4	3	2	5	3
15	"male"	38	3	4	3	4	1	5	3
15	"male"	39	3	4	3	5	1	6	4
15	"male"	40	2	3	3	5	3	7	5
16	"male"	2	6	5	5	2	1	1	1
16	"male"	4	5	4	4	1	1	1	1
16	"male"	5	5	2	3	5	1	1	2
16	"male"	6	7	5	4	3	1	2	1
16	"male"	7	6	4	4	1	1	1	1
16	"male"	8	6	5	5	3	2	1	1
16	"male"	9	6	4	4	2	1	1	1
16	"male"	10	5	2	3	4	2	4	2
16	"male"	11	5	4	4	2	1	1	1
16	"male"	12	4	1	2	3	1	3	1
16	"male"	16	4	3	3	3	1	1	1
16	"male"	17	4	2	2	4	1	3	2
16	"male"	18	5	4	3	2	1	2	1
16	"male"	19	7	4	5	2	1	1	1
16	"male"	20	4	3	3	5	1	3	3
16	"male"	22	5	1	3	3	1	1	1
16	"male"	23	4	2	2	3	2	4	1
16	"male"	24	5	3	3	3	1	1	1
16	"male"	25	5	2	4	2	1	2	1
16	"male"	26	5	3	3	2	1	3	1
16	"male"	27	6	4	3	2	1	1	1
16	"male"	29	5	4	5	2	1	1	1
16	"male"	30	7	4	6	2	1	1	1
16	"male"	31	5	5	4	3	1	1	1
16	"male"	32	5	3	4	5	1	3	1
16	"male"	33	7	3	3	2	1	1	1
16	"male"	34	5	3	3	3	1	1	1
16	"male"	35	6	5	4	2	1	1	1
16	"male"	36	5	4	2	3	1	2	1
16	"male"	37	4	3	4	2	1	1	1
16	"male"	39	3	2	2	3	2	2	1
16	"male"	40	6	4	4	4	1	1	2
17	"female"	2	6	6	3	4	1	2	2
17	"female"	4	6	7	3	4	1	2	2
17	"female"	5	7	6	2	4	1	4	1
17	"female"	6	7	7	4	3	1	2	1
17	"female"	7	6	6	4	4	1	2	2
17	"female"	8	6	5	3	3	1	2	3
17	"female"	9	7	6	3	3	1	2	3
17	"female"	10	7	7	4	3	1	1	2
17	"female"	11	6	6	2	4	1	1	1
17	"female"	12	7	7	4	4	1	1	1
17	"female"	13	7	7	5	3	1	1	3
17	"female"	14	7	7	4	3	1	1	1
17	"female"	15	7	7	5	2	1	1	1
17	"female"	18	5	6	2	4	1	2	2
17	"female"	19	6	6	3	2	1	1	2
17	"female"	21	7	6	2	3	1	1	1
17	"female"	22	7	7	4	2	1	1	1
17	"female"	23	7	7	4	3	1	2	3
17	"female"	24	7	6	3	4	1	3	2
17	"female"	25	7	6	2	2	1	1	2
17	"female"	26	7	6	4	3	1	2	1
17	"female"	27	6	5	3	2	1	3	3
17	"female"	28	7	7	5	2	1	1	1
17	"female"	29	7	7	3	3	1	2	2
17	"female"	31	7	6	4	4	1	2	1
17	"female"	32	7	7	4	2	1	1	1
17	"female"	34	7	7	3	2	1	1	2
17	"female"	35	6	6	2	3	1	2	2
17	"female"	36	6	6	3	2	1	1	2
17	"female"	37	7	6	4	3	1	2	3
17	"female"	38	7	7	2	5	1	2	1
17	"female"	40	6	5	2	2	1	3	4
18	"male"	1	6	7	5	3	1	4	1
18	"male"	3	6	7	3	3	1	2	1
18	"male"	4	5	7	3	3	1	3	1
18	"male"	5	4	6	4	3	1	2	2
18	"male"	6	4	7	5	4	1	3	2
18	"male"	8	6	7	5	4	2	4	2
18	"male"	9	4	6	2	4	2	4	3
18	"male"	10	4	6	4	4	1	3	2
18	"male"	11	6	7	4	5	1	3	2
18	"male"	12	6	7	5	2	1	2	1
18	"male"	13	4	6	4	4	1	3	1
18	"male"	14	6	7	6	4	1	4	1
18	"male"	15	5	7	5	3	1	3	1
18	"male"	17	6	6	5	3	1	2	1
18	"male"	18	6	7	4	2	1	2	2
18	"male"	19	4	5	4	4	1	2	1
18	"male"	20	6	7	5	4	1	3	2
18	"male"	22	5	7	5	3	1	2	3
18	"male"	23	5	7	5	3	1	3	1
18	"male"	24	6	7	6	3	1	3	1
18	"male"	25	5	7	6	4	1	2	2
18	"male"	26	5	7	6	3	1	3	1
18	"male"	27	3	6	3	4	2	4	3
18	"male"	28	5	6	4	5	1	4	2
18	"male"	29	6	7	6	3	1	2	1
18	"male"	30	6	7	6	2	1	1	1
18	"male"	31	5	7	4	4	1	3	2
18	"male"	34	5	7	5	2	1	3	1
18	"male"	35	3	6	3	5	1	4	2
18	"male"	36	6	7	6	4	1	2	1
18	"male"	37	6	7	5	4	1	3	1
18	"male"	38	4	7	4	3	1	3	1
18	"male"	40	4	7	4	4	1	2	1
19	"male"	1	3	4	3	3	2	4	2
19	"male"	3	3	5	2	4	1	3	2
19	"male"	4	4	6	5	4	3	5	1
19	"male"	5	4	7	5	1	1	3	1
19	"male"	7	5	6	5	4	1	3	1
19	"male"	9	6	6	5	2	1	2	1
19	"male"	10	3	5	5	3	1	4	2
19	"male"	11	4	5	6	3	1	4	1
19	"male"	14	3	5	5	4	1	3	1
19	"male"	15	3	5	3	4	2	3	1
19	"male"	16	3	5	6	4	1	2	1
19	"male"	17	2	5	3	3	2	2	1
19	"male"	18	3	4	5	4	2	4	1
19	"male"	19	4	5	4	3	2	2	1
19	"male"	20	2	4	3	5	3	5	2
19	"male"	22	4	4	4	3	1	3	1
19	"male"	23	2	5	5	5	2	5	1
19	"male"	24	4	6	5	2	1	4	2
19	"male"	25	3	5	4	5	2	4	2
19	"male"	26	3	4	4	3	1	1	1
19	"male"	27	2	4	4	3	2	5	3
19	"male"	29	4	5	5	4	2	3	1
19	"male"	30	4	5	6	4	2	3	1
19	"male"	33	2	3	4	5	2	4	3
19	"male"	34	5	5	5	4	1	2	1
19	"male"	35	3	5	5	4	1	3	1
19	"male"	36	3	5	3	3	2	3	1
19	"male"	37	4	6	6	2	1	2	1
19	"male"	38	4	5	4	5	2	4	1
19	"male"	40	3	6	4	5	2	3	1
20	"male"	1	1	6	2	2	1	2	1
20	"male"	3	1	7	3	3	1	1	1
20	"male"	4	1	4	1	4	3	5	3
20	"male"	5	1	6	2	1	1	2	1
20	"male"	7	1	7	1	3	2	2	1
20	"male"	8	1	6	1	4	2	4	1
20	"male"	9	1	6	2	4	2	4	1
20	"male"	10	1	6	2	4	1	3	1
20	"male"	12	1	7	2	4	1	2	1
20	"male"	13	1	5	1	3	2	2	1
20	"male"	14	1	6	3	2	1	2	1
20	"male"	15	1	6	3	1	1	2	1
20	"male"	16	1	6	1	4	2	3	1
20	"male"	17	1	7	2	2	2	3	1
20	"male"	19	1	7	2	3	1	2	1
20	"male"	20	1	6	2	2	2	3	1
20	"male"	23	1	6	3	4	1	3	1
20	"male"	24	1	7	3	2	1	1	1
20	"male"	25	1	7	2	3	1	4	1
20	"male"	26	1	3	1	3	2	2	2
20	"male"	27	1	5	2	2	2	3	2
20	"male"	28	1	6	2	2	2	3	1
20	"male"	29	1	6	1	3	3	1	1
20	"male"	31	1	7	3	2	1	3	1
20	"male"	32	1	7	3	1	1	1	1
20	"male"	34	1	6	2	3	1	4	1
20	"male"	35	1	6	1	4	2	2	1
20	"male"	36	1	6	1	3	2	4	2
20	"male"	37	1	7	4	3	1	3	1
20	"male"	38	1	5	2	2	1	2	1
20	"male"	39	1	4	1	4	3	4	1
20	"male"	40	1	7	1	2	1	3	1
21	"male"	2	4	7	5	1	1	1	1
21	"male"	3	4	7	4	1	1	1	1
21	"male"	4	4	7	5	1	2	1	1
21	"male"	5	4	7	5	1	3	1	1
21	"male"	7	5	7	5	1	1	1	1
21	"male"	8	3	7	5	2	3	1	2
21	"male"	9	4	7	4	2	1	1	1
21	"male"	10	4	7	4	3	2	1	2
21	"male"	12	3	6	3	3	3	1	1
21	"male"	13	6	7	6	1	1	1	1
21	"male"	15	5	7	7	1	1	1	1
21	"male"	16	3	7	5	1	2	1	1
21	"male"	17	4	7	4	1	2	1	1
21	"male"	18	5	7	6	1	2	1	1
21	"male"	20	4	7	4	3	2	1	1
21	"male"	21	5	7	4	1	1	1	1
21	"male"	22	4	7	4	2	3	1	2
21	"male"	23	3	7	4	2	1	1	1
21	"male"	24	4	7	5	2	1	1	1
21	"male"	25	5	7	5	1	1	1	1
21	"male"	26	3	7	4	4	2	1	2
21	"male"	27	4	7	6	1	1	1	1
21	"male"	28	5	7	5	1	1	1	1
21	"male"	29	4	7	4	1	1	1	1
21	"male"	30	4	6	3	3	1	1	1
21	"male"	31	5	7	5	4	1	1	1
21	"male"	32	4	7	4	2	2	1	1
21	"male"	33	6	7	7	1	1	1	1
21	"male"	34	5	7	5	4	3	1	2
21	"male"	35	4	7	4	3	1	1	1
21	"male"	36	4	7	5	2	1	1	1
21	"male"	37	5	7	6	1	1	1	1
21	"male"	38	2	7	4	1	2	1	1
21	"male"	39	3	7	3	1	2	1	1
21	"male"	40	3	7	4	1	1	1	1
22	"female"	1	5	6	4	4	1	4	2
22	"female"	3	4	4	5	3	1	4	1
22	"female"	5	3	4	3	4	1	5	3
22	"female"	6	4	6	4	3	1	3	2
22	"female"	7	4	6	3	4	1	3	1
22	"female"	8	2	4	1	5	2	5	4
22	"female"	10	4	5	4	7	2	5	4
22	"female"	11	4	5	4	4	1	4	2
22	"female"	12	4	4	2	5	1	5	4
22	"female"	13	3	6	4	3	1	2	1
22	"female"	14	4	4	4	5	1	4	2
22	"female"	15	5	6	4	4	1	4	3
22	"female"	16	3	2	1	6	1	6	3
22	"female"	18	4	4	3	5	1	3	4
22	"female"	19	2	5	3	4	1	4	3
22	"female"	22	5	4	4	4	1	4	3
22	"female"	25	5	6	4	4	1	1	1
22	"female"	27	5	5	4	4	1	3	2
22	"female"	28	4	5	3	5	1	3	2
22	"female"	29	4	4	4	5	1	2	4
22	"female"	30	5	4	3	5	1	3	3
22	"female"	31	3	4	2	6	1	3	4
22	"female"	32	4	5	3	5	1	4	3
22	"female"	33	3	4	2	6	1	5	3
22	"female"	34	4	4	4	4	1	3	3
22	"female"	36	3	5	4	4	1	2	3
22	"female"	38	3	6	3	4	1	4	2
22	"female"	39	5	4	4	5	1	4	1
23	"female"	1	7	6	4	1	3	2	1
23	"female"	3	7	6	3	1	1	1	1
23	"female"	5	7	6	3	1	1	1	1
23	"female"	6	7	7	5	1	1	1	1
23	"female"	7	7	7	5	1	1	2	1
23	"female"	8	7	6	3	1	1	2	1
23	"female"	10	7	6	3	1	1	1	1
23	"female"	11	7	7	4	1	1	2	1
23	"female"	12	7	4	2	1	1	2	1
23	"female"	14	7	7	5	1	1	1	1
23	"female"	15	7	5	4	1	1	1	1
23	"female"	16	7	4	1	1	1	3	1
23	"female"	17	7	7	4	1	1	1	1
23	"female"	20	7	5	4	1	1	2	1
23	"female"	22	7	6	3	1	1	2	1
23	"female"	24	7	7	5	1	1	1	1
23	"female"	25	7	7	5	1	1	1	1
23	"female"	26	7	7	4	1	1	1	1
23	"female"	27	7	6	5	1	1	3	1
23	"female"	28	7	5	2	1	1	1	1
23	"female"	29	7	6	2	1	1	2	1
23	"female"	30	7	7	5	1	1	2	1
23	"female"	31	7	6	2	1	1	1	1
23	"female"	32	6	5	2	1	1	2	1
23	"female"	34	7	7	4	1	1	1	1
23	"female"	36	7	7	7	1	1	1	1
23	"female"	37	7	7	5	1	1	1	1
23	"female"	38	7	5	3	1	1	2	1
23	"female"	39	7	7	3	1	1	2	1
23	"female"	40	7	6	4	1	2	1	1
24	"male"	2	6	4	2	3	4	3	1
24	"male"	3	5	3	2	4	5	3	2
24	"male"	4	6	3	1	5	5	3	2
24	"male"	5	6	2	2	5	5	3	1
24	"male"	7	6	4	1	3	3	2	2
24	"male"	8	5	3	1	4	5	3	3
24	"male"	9	6	4	1	3	5	3	2
24	"male"	10	5	2	1	4	5	3	2
24	"male"	11	7	3	1	5	4	1	3
24	"male"	12	5	3	1	5	7	2	2
24	"male"	13	6	3	1	2	4	2	1
24	"male"	15	5	1	1	4	5	2	2
24	"male"	16	6	4	3	3	5	1	1
24	"male"	17	7	4	3	2	4	2	1
24	"male"	18	6	3	1	4	5	4	2
24	"male"	19	6	4	3	3	5	2	2
24	"male"	21	5	4	4	3	2	2	1
24	"male"	22	7	2	2	5	5	3	4
24	"male"	23	4	2	1	3	5	2	2
24	"male"	24	7	4	4	4	3	2	1
24	"male"	26	7	4	2	2	3	1	1
24	"male"	27	7	4	3	4	6	4	2
24	"male"	28	4	3	1	6	5	3	4
24	"male"	29	3	1	1	4	6	3	3
24	"male"	30	6	5	2	4	4	2	1
24	"male"	32	5	2	2	4	6	3	2
24	"male"	33	7	3	2	2	5	2	1
24	"male"	35	5	4	1	3	5	2	4
24	"male"	36	5	4	2	4	4	2	1
24	"male"	37	6	5	2	5	5	2	2
24	"male"	38	5	2	1	3	3	1	1
24	"male"	39	4	3	2	3	4	3	3
24	"male"	40	7	3	4	4	4	4	2
25	"female"	1	7	5	6	5	1	3	1
25	"female"	3	7	6	6	4	1	2	1
25	"female"	5	7	5	6	5	1	2	1
25	"female"	6	7	7	6	5	1	3	1
25	"female"	7	5	6	7	4	1	1	1
25	"female"	8	7	5	5	5	1	2	1
25	"female"	9	6	4	5	3	1	2	1
25	"female"	11	7	7	7	4	1	2	1
25	"female"	12	7	7	6	2	1	2	1
25	"female"	13	5	5	6	7	1	2	1
25	"female"	14	5	5	6	5	1	1	1
25	"female"	15	6	7	7	3	1	2	1
25	"female"	17	5	5	5	5	1	1	1
25	"female"	19	6	7	6	5	1	2	1
25	"female"	20	4	6	5	4	1	3	1
25	"female"	22	6	6	6	5	1	2	1
25	"female"	23	6	4	6	6	1	3	1
25	"female"	24	6	6	6	4	1	2	1
25	"female"	25	5	5	5	6	1	3	1
25	"female"	26	7	7	7	4	1	1	1
25	"female"	27	7	7	7	4	1	1	1
25	"female"	28	5	6	5	5	1	1	1
25	"female"	29	7	7	6	2	1	1	1
25	"female"	30	4	5	6	3	1	2	1
25	"female"	31	7	7	6	5	2	2	1
25	"female"	33	7	7	7	4	1	2	1
25	"female"	34	5	5	6	5	1	3	1
25	"female"	35	7	6	6	3	1	1	1
25	"female"	36	7	7	7	4	1	1	1
25	"female"	37	7	7	6	2	1	1	1
25	"female"	38	4	5	5	5	1	3	2
25	"female"	39	7	5	5	3	1	2	1
25	"female"	40	6	6	6	3	1	1	1
26	"male"	1	1	7	6	3	1	3	1
26	"male"	2	1	5	4	4	2	2	1
26	"male"	3	1	6	4	6	4	3	1
26	"male"	4	1	6	5	4	3	2	1
26	"male"	5	2	7	5	4	2	3	1
26	"male"	6	2	5	4	5	3	2	1
26	"male"	7	2	6	4	4	1	1	1
26	"male"	9	3	6	5	2	1	1	1
26	"male"	10	1	6	6	6	4	3	1
26	"male"	11	1	6	4	3	1	1	1
26	"male"	12	1	6	4	5	3	3	1
26	"male"	15	1	5	4	5	3	4	1
26	"male"	16	1	6	4	5	3	2	1
26	"male"	18	2	7	5	3	3	3	1
26	"male"	21	1	4	3	5	5	4	1
26	"male"	22	1	6	5	6	3	3	1
26	"male"	23	2	7	5	4	2	1	1
26	"male"	24	1	5	5	4	1	2	1
26	"male"	25	1	6	5	4	2	3	1
26	"male"	26	2	7	5	3	1	1	1
26	"male"	27	1	7	5	4	2	1	1
26	"male"	28	1	5	4	5	3	2	1
26	"male"	29	4	7	6	5	2	2	1
26	"male"	30	1	7	6	4	4	4	1
26	"male"	34	2	6	4	5	2	3	1
26	"male"	35	1	5	4	6	4	3	1
26	"male"	36	1	4	3	7	5	4	3
26	"male"	38	2	7	6	3	3	2	1
26	"male"	40	1	6	5	2	3	1	1
27	"male"	1	7	7	7	5	2	5	1
27	"male"	2	6	7	7	5	1	2	1
27	"male"	4	6	7	7	3	2	5	1
27	"male"	5	5	7	7	4	1	2	1
27	"male"	7	6	7	6	5	1	3	1
27	"male"	8	6	7	7	4	1	3	2
27	"male"	9	5	7	6	4	1	4	2
27	"male"	10	5	7	5	5	2	5	2
27	"male"	11	4	7	5	7	2	6	3
27	"male"	14	6	7	5	5	2	5	3
27	"male"	15	5	7	7	3	1	2	1
27	"male"	16	5	7	7	4	1	3	1
27	"male"	17	6	7	7	5	1	3	1
27	"male"	18	6	7	7	4	2	4	1
27	"male"	19	4	7	7	4	1	3	1
27	"male"	20	5	7	7	6	2	5	2
27	"male"	23	5	7	7	3	1	3	1
27	"male"	24	6	7	7	5	2	5	2
27	"male"	25	6	7	7	3	1	3	2
27	"male"	26	4	7	6	6	3	7	3
27	"male"	27	7	7	7	3	1	3	1
27	"male"	28	7	7	7	1	1	4	2
27	"male"	30	6	7	7	4	2	5	1
27	"male"	32	3	7	7	5	2	4	2
27	"male"	33	7	7	7	3	2	3	1
27	"male"	34	7	7	7	4	3	3	2
27	"male"	35	5	7	7	5	2	3	1
27	"male"	37	4	7	7	5	3	5	3
27	"male"	38	6	7	7	3	1	4	1
27	"male"	39	7	7	7	4	2	2	2
27	"male"	40	7	7	7	4	1	3	1
28	"male"	1	7	7	6	2	1	1	1
28	"male"	2	7	7	5	3	1	2	1
28	"male"	3	7	6	6	3	1	1	1
28	"male"	4	6	7	6	2	2	1	1
28	"male"	6	7	7	5	3	1	1	1
28	"male"	7	6	7	6	1	1	1	1
28	"male"	8	6	7	5	4	1	1	1
28	"male"	9	5	7	6	1	1	1	1
28	"male"	10	6	7	6	2	1	1	1
28	"male"	17	7	7	7	1	1	1	1
28	"male"	18	7	7	5	1	2	1	1
28	"male"	20	7	7	7	2	1	1	1
28	"male"	21	6	7	5	1	1	1	1
28	"male"	23	7	7	7	1	1	1	1
28	"male"	24	7	7	6	3	1	1	1
28	"male"	25	6	7	5	2	1	1	1
28	"male"	26	7	7	7	1	1	1	1
28	"male"	27	7	7	6	2	1	1	1
28	"male"	28	6	7	6	2	1	2	1
28	"male"	29	6	7	5	2	1	1	1
28	"male"	33	6	7	6	2	1	1	1
28	"male"	34	7	7	6	3	1	1	1
28	"male"	35	7	6	5	2	2	2	1
28	"male"	36	6	7	7	4	1	3	1
28	"male"	37	7	7	7	1	1	1	1
28	"male"	38	7	7	7	4	2	1	1
28	"male"	39	7	7	6	2	1	1	1
29	"female"	1	5	7	1	5	3	2	1
29	"female"	2	5	7	2	5	4	2	1
29	"female"	3	7	7	5	4	2	1	1
29	"female"	4	7	7	4	3	3	1	1
29	"female"	5	5	7	3	3	2	1	2
29	"female"	6	5	7	3	3	2	1	2
29	"female"	7	7	7	4	3	3	1	1
29	"female"	9	6	7	3	4	3	1	3
29	"female"	10	7	7	3	5	2	2	1
29	"female"	12	6	7	5	5	1	1	1
29	"female"	14	7	7	4	4	2	1	1
29	"female"	15	6	7	3	3	4	1	2
29	"female"	16	6	7	4	4	3	3	3
29	"female"	17	7	7	5	3	2	1	1
29	"female"	18	7	7	4	3	1	1	1
29	"female"	19	5	7	3	4	2	1	2
29	"female"	20	7	7	5	4	2	1	1
29	"female"	23	4	7	3	5	4	2	4
29	"female"	24	6	7	4	4	1	1	1
29	"female"	25	6	7	3	4	2	1	1
29	"female"	26	7	7	5	1	3	1	1
29	"female"	27	5	7	4	3	4	1	2
29	"female"	28	6	7	2	1	1	1	1
29	"female"	30	6	7	2	4	3	3	3
29	"female"	32	7	7	5	2	1	1	1
29	"female"	33	5	7	2	4	2	1	1
29	"female"	34	6	7	3	1	2	1	1
29	"female"	35	7	7	4	2	2	1	1
29	"female"	36	6	7	5	3	2	1	1
29	"female"	37	6	7	2	4	2	1	1
29	"female"	38	6	7	3	4	2	3	2
29	"female"	39	5	7	4	3	2	1	1
30	"male"	1	7	7	4	3	1	3	1
30	"male"	2	7	7	4	5	2	5	2
30	"male"	3	7	7	4	4	2	4	1
30	"male"	4	7	6	4	4	1	3	1
30	"male"	5	7	7	5	4	1	3	1
30	"male"	6	7	7	3	4	2	5	2
30	"male"	7	7	7	4	4	2	3	1
30	"male"	8	7	6	1	5	3	4	2
30	"male"	9	7	7	4	3	3	3	1
30	"male"	10	7	7	3	6	3	4	1
30	"male"	12	7	6	3	3	1	6	1
30	"male"	13	7	7	2	4	4	4	1
30	"male"	14	7	6	4	4	1	4	1
30	"male"	16	7	7	2	4	3	5	1
30	"male"	17	7	7	3	3	1	4	1
30	"male"	18	7	7	6	3	1	4	1
30	"male"	19	7	7	5	4	1	1	1
30	"male"	20	7	7	5	5	2	3	2
30	"male"	22	7	7	6	4	1	3	1
30	"male"	23	7	7	4	5	1	4	2
30	"male"	24	7	7	4	5	2	3	1
30	"male"	25	7	7	4	5	1	3	1
30	"male"	26	7	7	4	3	3	4	2
30	"male"	27	7	7	5	4	1	4	1
30	"male"	28	7	7	5	3	1	3	1
30	"male"	29	7	7	4	4	1	2	1
30	"male"	31	7	7	6	2	1	2	1
30	"male"	32	7	7	4	4	2	3	1
30	"male"	34	7	7	6	5	1	3	1
30	"male"	36	7	7	4	4	1	3	1
30	"male"	37	7	6	4	3	1	3	2
30	"male"	39	7	7	5	4	1	3	1
30	"male"	40	7	7	6	2	1	2	1
31	"female"	1	6	5	3	3	1	3	1
31	"female"	2	5	6	2	3	1	2	1
31	"female"	3	5	7	2	4	1	1	1
31	"female"	4	4	6	1	3	1	2	1
31	"female"	6	6	6	2	2	1	1	1
31	"female"	8	5	7	1	5	2	3	1
31	"female"	10	6	5	2	2	1	2	1
31	"female"	11	5	6	2	5	1	5	2
31	"female"	13	4	6	2	3	1	2	1
31	"female"	14	5	5	1	4	1	3	1
31	"female"	15	6	6	4	4	1	2	1
31	"female"	16	2	5	2	5	1	3	1
31	"female"	19	5	5	1	4	1	3	1
31	"female"	20	5	5	1	4	1	3	1
31	"female"	22	5	7	3	2	1	1	1
31	"female"	23	6	5	3	3	1	2	1
31	"female"	24	6	7	3	3	1	4	1
31	"female"	25	5	5	1	2	1	2	1
31	"female"	26	5	6	4	4	1	3	1
31	"female"	27	7	7	4	3	1	1	1
31	"female"	28	4	5	3	3	1	2	1
31	"female"	29	7	7	5	1	1	1	1
31	"female"	30	5	7	2	4	1	2	1
31	"female"	32	6	6	4	2	1	1	1
31	"female"	33	7	7	2	2	1	2	1
31	"female"	34	3	5	1	3	1	2	1
31	"female"	35	5	5	2	4	1	4	1
31	"female"	36	7	7	3	4	1	3	1
31	"female"	37	3	5	2	4	1	2	1
31	"female"	38	5	6	1	3	1	2	1
31	"female"	40	5	6	3	2	1	2	1
32	"female"	2	6	7	2	4	2	3	1
32	"female"	4	6	7	2	3	1	3	1
32	"female"	5	3	4	1	5	3	5	1
32	"female"	6	6	7	4	2	2	4	1
32	"female"	7	5	7	3	3	1	4	1
32	"female"	8	7	7	3	2	1	4	1
32	"female"	9	6	7	4	1	1	2	1
32	"female"	10	5	7	2	4	2	4	1
32	"female"	11	7	7	4	2	1	2	1
32	"female"	12	4	7	1	4	2	4	1
32	"female"	15	6	7	4	3	2	3	1
32	"female"	16	6	7	5	2	2	2	1
32	"female"	17	6	6	1	3	2	4	1
32	"female"	18	5	5	2	5	3	4	1
32	"female"	21	5	6	3	3	1	4	1
32	"female"	22	5	7	3	3	2	3	1
32	"female"	23	5	7	3	3	1	4	1
32	"female"	25	7	7	3	3	1	3	1
32	"female"	26	4	7	2	3	1	3	1
32	"female"	27	5	5	2	2	1	4	1
32	"female"	28	6	7	3	2	1	2	1
32	"female"	30	5	7	3	3	3	5	1
32	"female"	31	5	7	3	4	1	4	1
32	"female"	32	4	7	2	2	1	5	1
32	"female"	33	6	7	2	4	1	4	2
32	"female"	35	4	7	2	2	1	3	1
32	"female"	36	4	7	3	3	1	3	1
33	"male"	2	5	4	3	1	4	1	1
33	"male"	3	2	3	2	3	5	1	4
33	"male"	5	4	4	3	1	2	1	1
33	"male"	6	5	6	4	1	3	1	1
33	"male"	7	5	3	3	3	2	1	1
33	"male"	8	5	5	4	2	3	1	2
33	"male"	9	4	6	5	2	4	1	2
33	"male"	10	3	4	1	3	4	3	4
33	"male"	12	4	5	2	2	4	1	2
33	"male"	13	4	4	3	2	4	1	2
33	"male"	16	5	4	2	1	3	1	1
33	"male"	17	4	3	2	3	4	2	3
33	"male"	18	3	3	1	2	4	2	2
33	"male"	19	4	4	3	1	2	1	1
33	"male"	20	3	3	1	3	3	2	2
33	"male"	22	4	3	2	1	4	1	1
33	"male"	23	4	5	3	3	3	1	2
33	"male"	25	3	3	3	2	3	1	3
33	"male"	27	3	4	2	3	3	2	2
33	"male"	28	3	2	2	3	5	2	1
33	"male"	31	5	5	3	1	1	1	1
33	"male"	32	4	6	4	2	3	1	1
33	"male"	34	5	6	4	2	2	1	1
33	"male"	36	4	4	1	3	3	2	2
33	"male"	38	3	3	1	3	4	2	3
33	"male"	40	5	5	3	2	3	1	1
34	"male"	3	5	7	4	3	1	1	1
34	"male"	5	6	7	3	1	1	1	3
34	"male"	6	6	7	5	1	1	1	2
34	"male"	7	3	4	2	2	1	1	2
34	"male"	8	6	7	4	1	1	1	1
34	"male"	9	6	7	5	2	1	1	2
34	"male"	10	5	7	5	2	2	1	3
34	"male"	12	7	7	5	2	1	1	1
34	"male"	13	6	7	4	1	1	1	1
34	"male"	15	4	7	3	4	1	1	4
34	"male"	16	5	7	4	3	1	2	2
34	"male"	17	5	7	5	3	1	1	2
34	"male"	18	5	7	5	1	1	1	1
34	"male"	19	7	7	7	1	1	1	1
34	"male"	21	6	7	3	3	1	1	3
34	"male"	22	5	7	5	1	1	1	2
34	"male"	23	5	7	3	4	1	1	3
34	"male"	24	5	7	4	1	1	1	1
34	"male"	25	4	6	2	5	3	1	4
34	"male"	26	6	7	6	1	1	1	1
34	"male"	27	7	7	5	1	1	1	1
34	"male"	28	6	7	4	3	1	1	2
34	"male"	29	6	7	5	1	1	1	2
34	"male"	31	6	7	5	2	1	1	3
34	"male"	32	5	7	4	3	1	1	4
34	"male"	33	4	7	4	3	2	1	4
34	"male"	36	4	6	3	3	1	1	3
34	"male"	37	4	7	5	2	1	1	2
34	"male"	38	5	7	4	2	1	1	3
34	"male"	39	4	7	3	3	1	2	4
34	"male"	40	4	6	4	2	1	1	3
35	"female"	1	3	5	2	5	2	3	1
35	"female"	2	2	5	3	4	3	1	1
35	"female"	3	3	7	3	4	3	1	1
35	"female"	5	4	7	5	3	2	2	1
35	"female"	6	4	6	3	3	1	1	1
35	"female"	7	3	5	3	4	2	2	1
35	"female"	8	3	7	4	4	1	1	1
35	"female"	9	2	6	3	6	2	2	1
35	"female"	12	2	7	3	6	2	3	1
35	"female"	14	4	7	3	4	1	3	1
35	"female"	15	3	6	3	3	3	2	1
35	"female"	16	2	7	2	5	4	4	1
35	"female"	17	2	7	3	6	3	2	1
35	"female"	20	4	7	5	4	1	2	1
35	"female"	21	3	6	3	5	3	4	1
35	"female"	22	1	4	3	4	4	2	1
35	"female"	23	3	5	4	4	2	3	1
35	"female"	24	3	7	3	6	1	3	1
35	"female"	26	2	4	3	4	3	3	1
35	"female"	28	3	7	3	5	4	3	1
35	"female"	29	2	6	2	5	3	4	1
35	"female"	31	5	7	3	3	2	1	1
35	"female"	32	3	5	2	4	4	2	1
35	"female"	33	3	7	4	5	1	2	1
35	"female"	34	3	7	5	3	1	1	1
35	"female"	35	3	7	3	3	4	4	1
35	"female"	37	3	6	5	4	2	2	1
35	"female"	38	3	7	2	5	3	3	1
35	"female"	39	4	7	3	5	3	2	1
35	"female"	40	2	5	2	4	2	3	1
36	"male"	3	6	5	5	3	3	2	1
36	"male"	4	5	5	3	3	2	2	1
36	"male"	7	6	5	4	4	4	4	2
36	"male"	8	4	3	3	3	2	2	1
36	"male"	9	6	5	3	3	3	4	1
36	"male"	10	5	4	3	3	4	3	1
36	"male"	11	4	3	1	5	4	4	3
36	"male"	12	5	5	4	3	2	3	2
36	"male"	13	6	4	3	3	2	2	1
36	"male"	14	3	3	3	4	5	3	2
36	"male"	15	6	4	3	4	3	2	2
36	"male"	16	5	3	4	4	1	1	1
36	"male"	17	4	4	3	5	3	4	2
36	"male"	18	3	3	2	5	4	4	1
36	"male"	21	5	3	2	4	3	3	2
36	"male"	23	5	4	4	3	2	2	3
36	"male"	24	7	4	5	3	3	2	1
36	"male"	25	5	2	3	2	3	3	2
36	"male"	26	6	4	2	3	2	2	1
36	"male"	28	7	6	5	2	1	1	1
36	"male"	29	5	4	3	3	2	2	1
36	"male"	30	6	4	3	1	2	3	1
36	"male"	33	4	3	2	3	4	3	2
36	"male"	34	4	2	2	4	2	2	1
36	"male"	35	5	5	4	2	2	2	1
36	"male"	37	6	5	5	2	1	2	1
36	"male"	38	4	3	2	3	4	3	1
36	"male"	39	5	4	4	2	1	2	1
37	"female"	1	4	6	2	3	1	3	2
37	"female"	2	5	7	3	2	1	1	2
37	"female"	3	3	5	2	5	1	3	3
37	"female"	4	5	6	2	4	2	2	2
37	"female"	5	6	7	3	3	1	2	1
37	"female"	6	4	5	1	5	2	3	2
37	"female"	7	4	6	3	3	1	1	1
37	"female"	8	6	7	4	4	1	2	1
37	"female"	9	5	7	3	1	1	1	1
37	"female"	10	5	7	3	3	1	2	1
37	"female"	12	5	7	2	3	1	1	1
37	"female"	15	3	4	1	4	1	3	2
37	"female"	16	5	6	2	2	1	2	1
37	"female"	17	5	7	5	3	1	2	2
37	"female"	18	4	6	3	4	1	3	3
37	"female"	20	4	7	3	5	1	4	2
37	"female"	21	5	7	3	4	1	2	2
37	"female"	22	3	4	1	5	1	2	3
37	"female"	23	4	7	2	5	1	3	1
37	"female"	24	6	7	3	2	1	2	1
37	"female"	25	6	7	4	2	1	2	1
37	"female"	26	3	5	2	3	1	1	1
37	"female"	27	4	7	3	3	1	1	3
37	"female"	28	7	7	3	3	1	1	1
37	"female"	29	4	5	3	3	1	2	3
37	"female"	30	4	7	3	3	1	1	1
37	"female"	32	4	5	1	5	1	2	3
37	"female"	33	3	4	1	4	1	3	4
37	"female"	34	3	5	2	6	1	3	2
37	"female"	37	3	6	3	3	1	2	2
37	"female"	38	4	6	2	4	1	4	2
37	"female"	39	4	5	2	4	1	2	1
37	"female"	40	5	7	3	3	1	2	3
38	"male"	2	7	5	6	3	1	3	1
38	"male"	3	7	7	7	2	1	2	1
38	"male"	4	7	6	5	4	1	3	1
38	"male"	5	7	7	7	2	1	2	1
38	"male"	6	7	5	6	5	2	3	1
38	"male"	7	7	7	7	3	1	2	1
38	"male"	8	7	7	6	4	1	3	1
38	"male"	9	7	7	7	3	1	1	1
38	"male"	11	7	5	5	5	2	3	1
38	"male"	15	7	7	7	4	2	1	1
38	"male"	16	7	6	6	5	1	3	2
38	"male"	17	7	7	7	3	1	1	1
38	"male"	18	7	7	7	3	1	2	1
38	"male"	23	7	7	5	4	2	2	1
38	"male"	24	7	7	7	3	1	2	1
38	"male"	25	7	7	7	2	1	1	1
38	"male"	26	7	7	7	4	2	2	1
38	"male"	29	7	5	5	3	1	3	1
38	"male"	30	7	7	6	3	1	3	1
38	"male"	31	7	7	6	3	2	2	1
38	"male"	32	7	7	6	5	2	2	2
38	"male"	33	7	5	5	5	1	4	2
38	"male"	34	7	7	6	2	1	2	1
38	"male"	35	7	6	5	4	2	4	2
38	"male"	36	7	6	4	3	1	2	1
38	"male"	37	7	7	4	4	1	3	1
38	"male"	38	7	7	6	4	1	3	1
38	"male"	40	7	6	5	4	2	4	1
39	"female"	1	5	5	3	2	2	3	1
39	"female"	2	5	4	3	4	2	4	1
39	"female"	3	6	6	3	3	2	3	1
39	"female"	4	5	5	3	4	2	3	1
39	"female"	5	6	5	3	4	2	4	2
39	"female"	6	7	6	4	3	1	3	1
39	"female"	7	5	5	2	3	1	3	1
39	"female"	8	4	5	3	5	3	4	2
39	"female"	9	3	5	3	5	4	4	2
39	"female"	12	5	5	1	4	3	4	2
39	"female"	13	4	4	3	4	3	4	2
39	"female"	15	6	4	2	3	2	3	1
39	"female"	16	5	6	3	4	1	4	1
39	"female"	17	4	5	3	3	2	3	1
39	"female"	19	7	5	4	2	2	4	1
39	"female"	21	5	6	3	3	2	1	1
39	"female"	23	7	6	3	2	2	2	1
39	"female"	24	6	6	4	4	1	2	1
39	"female"	25	6	6	3	3	1	2	1
39	"female"	26	5	4	1	3	2	2	1
39	"female"	28	3	4	2	3	3	5	1
39	"female"	29	6	7	3	3	2	4	1
39	"female"	31	7	6	4	3	1	1	1
39	"female"	34	4	4	2	4	3	5	1
39	"female"	35	6	6	4	3	3	3	1
39	"female"	36	6	4	4	3	1	3	1
39	"female"	37	6	5	2	4	1	2	1
39	"female"	38	3	5	3	4	4	3	1
39	"female"	39	6	6	3	3	1	2	1
39	"female"	40	4	5	2	5	2	3	1
40	"female"	1	3	4	5	3	1	1	1
40	"female"	2	5	6	4	1	1	1	1
40	"female"	3	5	6	5	3	1	1	1
40	"female"	4	5	6	4	1	1	1	1
40	"female"	6	3	5	3	3	1	1	1
40	"female"	9	4	5	4	1	1	1	1
40	"female"	10	6	6	5	2	1	1	1
40	"female"	11	5	7	6	1	1	1	1
40	"female"	12	5	6	5	1	1	1	1
40	"female"	13	5	7	4	1	1	1	1
40	"female"	14	4	5	4	3	1	1	1
40	"female"	15	5	7	7	1	1	1	1
40	"female"	16	4	5	4	3	1	1	1
40	"female"	17	6	7	6	1	1	1	1
40	"female"	18	7	7	7	1	1	1	1
40	"female"	19	5	5	4	1	1	1	1
40	"female"	20	5	7	4	1	1	1	1
40	"female"	22	5	7	6	1	1	1	1
40	"female"	24	3	5	5	1	1	1	1
40	"female"	25	3	4	3	2	1	1	1
40	"female"	26	6	7	5	1	1	1	1
40	"female"	27	4	6	6	1	1	1	1
40	"female"	28	4	5	3	1	1	1	1
40	"female"	29	3	6	5	1	1	1	1
40	"female"	30	4	6	4	2	1	1	1
40	"female"	31	2	5	5	2	1	1	1
40	"female"	32	6	7	5	1	1	1	1
40	"female"	33	5	7	5	2	1	1	1
40	"female"	35	7	7	6	1	1	1	1
40	"female"	36	6	6	4	1	1	1	1
40	"female"	37	4	7	3	2	1	1	1
40	"female"	38	4	5	4	2	1	1	2
40	"female"	39	4	5	3	1	1	1	1
40	"female"	40	7	7	6	1	1	1	1
41	"female"	2	3	4	3	5	2	3	4
41	"female"	4	2	4	2	3	3	2	4
41	"female"	5	4	4	4	4	1	3	3
41	"female"	6	4	6	5	4	3	2	3
41	"female"	7	4	4	4	4	1	2	3
41	"female"	8	4	4	3	4	1	2	2
41	"female"	9	4	4	4	3	1	2	2
41	"female"	10	3	3	1	5	2	3	3
41	"female"	11	3	5	4	4	1	4	2
41	"female"	12	1	2	1	6	3	3	3
41	"female"	16	2	1	1	6	2	5	3
41	"female"	17	4	4	3	5	3	3	3
41	"female"	18	4	4	2	3	1	2	2
41	"female"	19	4	4	4	3	1	1	3
41	"female"	20	3	3	3	4	1	3	3
41	"female"	22	3	3	3	4	2	3	3
41	"female"	23	4	4	3	3	1	3	2
41	"female"	24	4	3	3	3	1	2	3
41	"female"	25	4	3	1	5	3	4	4
41	"female"	26	2	2	2	5	3	3	5
41	"female"	27	3	4	4	3	1	2	3
41	"female"	29	4	3	3	4	1	3	4
41	"female"	30	3	3	4	5	2	5	3
41	"female"	31	5	5	4	3	1	2	1
41	"female"	32	4	4	3	5	2	3	2
41	"female"	33	5	4	4	4	1	1	3
41	"female"	34	5	4	5	2	1	2	2
41	"female"	35	3	2	2	5	2	3	5
41	"female"	36	6	5	5	3	1	1	1
41	"female"	37	2	2	2	6	2	3	5
41	"female"	39	2	3	2	5	2	2	2
41	"female"	40	4	3	3	3	1	1	2
42	"male"	2	2	4	2	2	1	1	1
42	"male"	4	4	6	5	1	1	1	1
42	"male"	5	3	6	3	1	1	2	1
42	"male"	6	3	4	4	2	1	1	1
42	"male"	7	5	6	5	1	1	1	1
42	"male"	8	2	5	4	2	1	1	1
42	"male"	9	3	6	4	1	1	2	1
42	"male"	10	4	4	3	2	1	3	1
42	"male"	11	3	6	3	1	1	2	1
42	"male"	12	4	5	3	1	1	1	1
42	"male"	13	5	6	5	1	1	1	1
42	"male"	14	3	3	3	3	1	2	1
42	"male"	15	4	6	3	2	1	1	1
42	"male"	18	4	7	6	3	1	1	1
42	"male"	19	3	6	4	2	1	1	1
42	"male"	21	2	5	3	2	1	1	1
42	"male"	22	4	7	5	1	1	1	1
42	"male"	23	5	6	3	3	1	1	1
42	"male"	24	2	5	4	2	1	1	1
42	"male"	25	3	5	4	1	1	1	1
42	"male"	26	5	6	5	1	1	1	1
42	"male"	27	4	7	5	2	1	2	1
42	"male"	28	4	6	3	4	2	2	1
42	"male"	29	2	3	2	2	1	2	1
42	"male"	31	5	6	6	3	1	1	1
42	"male"	32	5	6	4	2	1	2	1
42	"male"	34	3	5	3	2	1	2	1
42	"male"	35	3	4	2	2	1	1	1
42	"male"	36	2	5	3	1	2	1	1
42	"male"	37	5	6	4	1	1	1	1
42	"male"	38	4	6	5	1	1	1	1
42	"male"	40	3	4	3	1	1	1	1
43	"male"	1	5	5	3	2	2	2	2
43	"male"	3	3	5	2	4	3	3	4
43	"male"	4	5	5	3	4	3	3	3
43	"male"	5	5	7	3	2	1	3	1
43	"male"	6	3	2	1	4	5	4	5
43	"male"	8	4	6	2	3	2	3	2
43	"male"	9	4	4	2	3	3	4	2
43	"male"	10	6	6	4	2	2	3	2
43	"male"	11	6	6	5	4	2	3	3
43	"male"	12	4	5	4	2	1	4	2
43	"male"	13	4	6	3	4	3	3	4
43	"male"	14	5	6	2	1	1	3	2
43	"male"	15	4	5	3	1	1	3	3
43	"male"	17	5	4	2	3	3	3	2
43	"male"	18	5	5	4	4	3	4	3
43	"male"	19	6	6	4	3	3	4	1
43	"male"	20	4	6	4	2	2	2	2
43	"male"	22	4	6	3	2	3	4	3
43	"male"	23	5	6	3	2	1	2	1
43	"male"	24	5	6	4	2	2	4	2
43	"male"	25	6	4	3	2	3	3	3
43	"male"	26	5	4	3	2	2	4	4
43	"male"	27	4	4	3	5	2	4	3
43	"male"	28	4	6	3	5	3	3	4
43	"male"	29	2	4	1	4	3	5	3
43	"male"	30	5	5	4	1	2	2	2
43	"male"	31	4	4	3	2	2	3	1
43	"male"	34	5	6	4	1	1	2	2
43	"male"	35	5	4	1	4	3	4	3
43	"male"	36	5	7	5	3	2	4	1
43	"male"	37	4	5	3	3	3	4	3
43	"male"	38	5	5	3	1	1	2	2
43	"male"	40	4	4	2	3	2	3	2
44	"male"	1	5	5	3	5	1	4	2
44	"male"	3	6	4	3	6	1	4	2
44	"male"	4	7	4	4	6	1	4	3
44	"male"	5	7	5	6	4	1	1	1
44	"male"	7	5	6	3	5	2	4	2
44	"male"	9	5	4	4	4	1	3	3
44	"male"	10	6	5	4	5	1	3	2
44	"male"	11	6	5	3	5	1	6	4
44	"male"	14	6	6	3	4	1	4	1
44	"male"	15	5	4	3	4	2	3	3
44	"male"	16	5	4	4	7	2	5	4
44	"male"	17	5	5	4	6	1	3	2
44	"male"	18	5	4	2	5	1	4	2
44	"male"	19	5	5	4	5	1	3	3
44	"male"	20	6	5	4	5	1	3	2
44	"male"	22	7	7	4	5	1	2	2
44	"male"	23	5	3	2	6	2	5	4
44	"male"	24	5	3	3	6	1	3	2
44	"male"	25	4	5	4	5	2	3	3
44	"male"	26	5	3	1	6	4	6	4
44	"male"	27	5	5	2	5	1	4	5
44	"male"	29	5	5	3	5	1	3	4
44	"male"	30	5	3	3	6	2	4	3
44	"male"	33	5	4	4	5	1	2	3
44	"male"	34	6	5	3	6	1	3	3
44	"male"	35	5	3	3	5	3	4	3
44	"male"	36	7	7	6	5	1	4	1
44	"male"	37	7	6	4	3	1	4	2
44	"male"	38	7	5	4	6	1	3	2
44	"male"	40	5	5	5	4	1	3	1
45	"male"	1	6	7	5	2	1	3	1
45	"male"	3	6	5	5	4	2	4	4
45	"male"	4	5	5	5	3	1	3	2
45	"male"	5	6	5	5	3	1	2	2
45	"male"	7	6	4	4	4	2	6	3
45	"male"	8	7	7	6	2	1	4	3
45	"male"	9	6	5	4	3	1	5	2
45	"male"	10	7	6	6	3	1	5	1
45	"male"	12	7	7	7	2	1	2	1
45	"male"	13	7	7	6	2	3	4	2
45	"male"	14	6	6	5	4	1	4	1
45	"male"	15	4	4	4	4	2	5	3
45	"male"	16	4	5	6	2	2	5	3
45	"male"	17	5	5	5	4	1	4	2
45	"male"	19	7	6	7	2	1	3	1
45	"male"	20	7	6	5	3	1	4	1
45	"male"	23	6	5	5	2	1	3	2
45	"male"	24	7	6	6	1	1	2	1
45	"male"	25	7	5	7	2	1	4	2
45	"male"	26	6	6	5	3	2	4	2
45	"male"	27	7	7	5	2	1	3	1
45	"male"	28	6	6	4	3	1	3	1
45	"male"	29	6	6	5	4	1	4	1
45	"male"	31	6	6	4	4	3	6	3
45	"male"	32	4	6	5	3	2	5	3
45	"male"	34	6	5	4	3	2	4	3
45	"male"	35	7	6	6	1	1	3	1
45	"male"	36	6	4	5	3	1	4	1
45	"male"	37	7	6	5	4	2	5	1
45	"male"	38	6	5	6	4	1	4	1
45	"male"	39	7	6	7	2	1	2	2
45	"male"	40	7	7	6	4	1	3	1
46	"male"	2	3	1	2	6	3	3	2
46	"male"	3	3	4	4	4	2	3	1
46	"male"	4	2	2	3	4	2	2	3
46	"male"	5	5	3	3	2	1	1	1
46	"male"	7	1	1	2	5	3	3	2
46	"male"	8	2	2	2	3	2	3	3
46	"male"	9	2	1	2	5	2	5	3
46	"male"	10	3	3	3	4	1	2	1
46	"male"	12	4	3	3	3	2	2	1
46	"male"	13	3	3	2	4	2	3	2
46	"male"	15	2	2	1	6	3	3	1
46	"male"	16	2	2	3	5	1	3	1
46	"male"	17	1	1	1	5	5	3	2
46	"male"	18	3	3	4	4	2	2	2
46	"male"	20	3	4	2	3	2	2	1
46	"male"	21	1	1	1	6	3	4	2
46	"male"	22	3	4	2	4	2	3	1
46	"male"	23	3	3	4	4	2	4	2
46	"male"	24	4	4	4	3	2	3	1
46	"male"	25	3	2	1	5	3	4	1
46	"male"	26	4	4	4	4	2	1	2
46	"male"	27	3	1	1	5	4	5	3
46	"male"	28	4	4	4	3	2	3	1
46	"male"	29	1	1	2	4	2	2	3
46	"male"	30	1	1	2	4	3	4	1
46	"male"	31	3	3	2	4	2	2	1
46	"male"	32	4	4	4	3	2	2	1
46	"male"	33	3	2	3	3	3	2	2
46	"male"	34	2	3	2	6	1	2	2
46	"male"	35	4	2	3	3	4	1	1
46	"male"	36	5	4	4	4	2	1	1
46	"male"	37	4	4	3	3	1	1	1
46	"male"	38	2	2	1	5	3	4	3
46	"male"	39	3	2	3	4	2	2	2
46	"male"	40	3	2	2	5	4	4	2
47	"female"	1	1	5	1	6	3	6	4
47	"female"	3	1	5	1	7	5	6	3
47	"female"	5	3	5	4	3	3	4	2
47	"female"	6	1	3	1	7	4	5	3
47	"female"	7	2	5	2	5	4	7	3
47	"female"	8	1	5	1	6	4	6	3
47	"female"	10	1	1	1	5	4	4	4
47	"female"	11	1	5	2	5	5	5	2
47	"female"	12	1	3	1	6	6	6	3
47	"female"	13	2	5	3	6	4	5	3
47	"female"	14	1	3	1	4	3	5	4
47	"female"	15	1	5	1	5	4	5	2
47	"female"	16	1	4	1	6	4	6	3
47	"female"	18	1	4	1	6	3	4	3
47	"female"	19	2	5	3	5	3	4	2
47	"female"	22	1	3	1	7	4	5	3
47	"female"	25	1	6	3	6	5	5	2
47	"female"	27	1	5	2	5	2	4	2
47	"female"	28	1	4	1	5	4	6	3
47	"female"	29	1	4	3	5	3	4	3
47	"female"	30	1	3	1	7	4	6	3
47	"female"	31	1	5	2	5	3	6	2
47	"female"	32	1	5	2	5	3	5	4
47	"female"	33	1	4	1	6	6	5	3
47	"female"	34	1	4	2	6	3	6	4
47	"female"	36	3	7	3	4	2	3	1
47	"female"	38	3	4	1	3	4	6	2
47	"female"	39	1	4	2	5	5	4	2
48	"male"	1	7	6	4	3	1	3	1
48	"male"	3	6	4	2	5	1	4	1
48	"male"	5	5	4	4	4	1	4	1
48	"male"	6	6	4	3	3	1	4	1
48	"male"	7	6	5	3	3	1	3	1
48	"male"	8	4	3	2	4	1	4	1
48	"male"	10	5	5	3	4	1	5	2
48	"male"	11	6	5	4	4	1	4	1
48	"male"	12	6	4	3	4	1	4	1
48	"male"	14	6	4	4	3	1	3	1
48	"male"	15	7	5	5	3	1	4	1
48	"male"	16	6	5	3	4	1	4	1
48	"male"	17	5	4	4	5	1	5	1
48	"male"	20	5	4	2	5	1	5	1
48	"male"	22	6	5	5	4	1	4	1
48	"male"	24	7	5	3	4	1	4	1
48	"male"	25	7	6	4	5	1	4	1
48	"male"	26	7	6	5	1	1	2	1
48	"male"	27	7	4	3	5	1	5	1
48	"male"	28	6	6	4	5	1	3	1
48	"male"	29	7	5	2	6	1	4	1
48	"male"	30	7	6	4	3	1	2	1
48	"male"	31	6	4	4	4	1	3	1
48	"male"	32	6	4	3	6	1	6	1
48	"male"	34	7	5	5	3	1	4	1
48	"male"	36	7	6	5	4	1	4	1
48	"male"	37	7	7	5	4	1	3	1
48	"male"	38	6	5	5	5	1	3	1
48	"male"	39	6	5	3	4	1	5	1
48	"male"	40	5	4	3	4	1	4	1
49	"female"	2	5	7	7	4	2	1	1
49	"female"	3	4	5	5	5	2	2	1
49	"female"	4	3	4	6	4	3	2	1
49	"female"	5	3	5	5	4	2	1	1
49	"female"	7	5	4	5	6	2	3	1
49	"female"	8	2	3	3	3	2	2	1
49	"female"	9	2	4	4	5	2	2	1
49	"female"	10	3	4	4	5	2	3	1
49	"female"	11	3	4	5	5	2	3	1
49	"female"	12	4	5	5	5	2	3	1
49	"female"	13	4	5	4	5	4	3	1
49	"female"	15	4	5	6	5	1	2	1
49	"female"	16	4	5	4	5	2	3	1
49	"female"	17	3	3	5	6	1	2	1
49	"female"	18	4	4	4	5	2	3	1
49	"female"	19	4	6	7	5	2	3	1
49	"female"	21	4	5	5	5	3	3	1
49	"female"	22	3	4	4	1	1	1	1
49	"female"	23	4	5	4	5	2	2	1
49	"female"	24	3	5	5	5	2	2	1
49	"female"	26	2	5	3	5	3	4	3
49	"female"	27	4	5	5	3	2	2	1
49	"female"	28	5	6	5	4	1	1	1
49	"female"	29	2	3	3	5	1	1	1
49	"female"	30	3	5	3	6	3	3	1
49	"female"	32	5	7	5	5	2	2	1
49	"female"	33	4	5	5	4	1	1	1
49	"female"	35	3	6	6	6	1	1	1
49	"female"	36	2	4	4	7	3	5	2
49	"female"	37	3	4	4	5	3	3	1
49	"female"	38	4	6	5	4	2	2	1
49	"female"	39	3	4	4	5	2	1	1
49	"female"	40	3	4	5	4	2	2	1
50	"male"	1	5	7	4	4	1	4	2
50	"male"	3	1	4	1	4	1	6	3
50	"male"	5	3	6	2	4	1	6	3
50	"male"	6	4	6	3	3	1	3	2
50	"male"	7	3	7	4	2	1	4	1
50	"male"	8	5	7	4	2	1	3	1
50	"male"	9	5	6	3	3	1	5	1
50	"male"	11	3	6	3	5	1	3	1
50	"male"	12	5	7	3	2	1	3	1
50	"male"	13	6	7	3	4	1	4	1
50	"male"	14	3	5	2	3	1	5	2
50	"male"	15	4	6	4	4	1	5	1
50	"male"	17	4	7	5	4	1	4	2
50	"male"	19	4	5	2	6	2	4	3
50	"male"	20	5	6	4	3	1	3	1
50	"male"	22	2	4	1	3	1	5	2
50	"male"	23	3	4	2	5	2	6	4
50	"male"	24	2	7	4	3	1	3	3
50	"male"	25	2	5	2	5	1	5	4
50	"male"	26	4	6	2	2	1	4	2
50	"male"	27	5	7	3	4	1	3	1
50	"male"	28	6	7	4	3	1	4	1
50	"male"	29	4	6	2	3	1	4	1
50	"male"	30	4	7	3	3	1	4	2
50	"male"	31	1	5	3	4	1	5	3
50	"male"	33	4	5	3	4	1	5	2
50	"male"	34	4	6	3	5	1	3	1
50	"male"	35	5	7	3	3	1	2	1
50	"male"	36	4	7	4	2	1	3	1
50	"male"	37	3	6	1	3	1	4	1
50	"male"	38	2	5	3	6	2	5	3
50	"male"	39	3	6	3	3	1	4	2
50	"male"	40	3	6	2	4	1	5	2
51	"female"	1	4	3	1	7	2	3	4
51	"female"	2	5	5	2	6	2	2	3
51	"female"	3	4	4	1	7	3	4	4
51	"female"	4	3	1	1	6	3	4	4
51	"female"	5	6	5	3	7	2	3	4
51	"female"	6	4	5	1	6	3	4	4
51	"female"	7	5	4	3	6	2	4	4
51	"female"	9	4	4	2	6	3	5	3
51	"female"	10	5	4	1	6	3	5	3
51	"female"	11	5	4	1	7	3	4	3
51	"female"	12	6	4	1	6	1	3	2
51	"female"	15	5	5	1	7	3	5	4
51	"female"	16	7	5	1	6	2	5	3
51	"female"	18	5	3	2	7	1	4	3
51	"female"	21	7	5	2	7	3	5	5
51	"female"	22	5	5	2	6	2	3	3
51	"female"	23	6	6	3	5	1	3	1
51	"female"	24	5	5	1	7	1	3	3
51	"female"	25	3	4	1	7	4	5	4
51	"female"	26	4	3	2	7	4	4	5
51	"female"	27	7	6	4	6	2	3	2
51	"female"	28	7	5	3	6	4	3	2
51	"female"	29	5	4	1	6	3	4	3
51	"female"	30	6	6	3	6	2	3	3
51	"female"	34	6	4	2	4	2	3	3
51	"female"	35	7	7	3	5	2	2	1
51	"female"	36	5	4	1	7	5	5	4
51	"female"	38	5	4	2	6	2	4	3
51	"female"	40	5	4	2	5	3	3	5
52	"female"	1	2	5	1	3	4	4	2
52	"female"	2	4	6	4	2	3	3	3
52	"female"	4	3	4	3	1	3	3	1
52	"female"	5	2	4	2	3	4	5	4
52	"female"	7	4	6	3	1	3	3	2
52	"female"	8	4	5	4	2	3	4	2
52	"female"	9	3	4	2	3	4	4	3
52	"female"	10	2	4	2	4	3	5	2
52	"female"	11	4	6	4	1	3	2	2
52	"female"	14	2	5	3	2	3	4	2
52	"female"	15	2	4	1	4	4	5	4
52	"female"	16	5	6	3	4	4	5	3
52	"female"	17	2	5	1	3	3	2	1
52	"female"	18	3	5	3	3	3	5	3
52	"female"	19	2	4	3	1	3	4	1
52	"female"	20	3	4	2	3	4	4	2
52	"female"	23	2	5	3	2	2	4	1
52	"female"	24	1	3	1	3	3	3	1
52	"female"	25	2	4	2	4	6	4	4
52	"female"	26	3	5	4	2	3	5	3
52	"female"	27	2	4	3	3	4	4	4
52	"female"	28	4	6	4	1	1	4	1
52	"female"	30	2	4	2	3	4	5	3
52	"female"	32	3	4	3	3	3	5	3
52	"female"	33	2	5	3	3	3	4	1
52	"female"	34	2	5	5	3	4	4	2
52	"female"	35	2	7	3	2	2	2	3
52	"female"	37	2	6	3	3	3	5	1
52	"female"	38	3	4	4	1	4	3	4
52	"female"	39	1	5	2	3	5	5	3
52	"female"	40	3	4	2	4	4	5	4
53	"male"	1	4	4	4	2	1	1	1
53	"male"	2	6	5	3	2	1	1	1
53	"male"	3	4	2	3	1	1	1	1
53	"male"	4	4	4	2	2	1	2	1
53	"male"	6	2	3	1	3	1	1	1
53	"male"	7	7	4	4	1	1	1	1
53	"male"	8	4	3	1	1	1	1	1
53	"male"	9	4	3	3	2	1	1	1
53	"male"	10	4	3	3	1	1	1	1
53	"male"	17	4	1	2	1	1	1	1
53	"male"	18	4	3	1	2	1	1	1
53	"male"	20	5	3	3	2	1	1	1
53	"male"	21	4	4	1	2	1	1	1
53	"male"	23	4	3	3	2	1	1	1
53	"male"	24	3	2	2	1	1	1	1
53	"male"	25	3	2	2	2	1	1	1
53	"male"	26	5	3	2	1	1	1	1
53	"male"	27	4	2	2	1	1	1	1
53	"male"	28	5	4	3	1	1	1	1
53	"male"	29	3	3	1	2	1	1	1
53	"male"	33	4	4	3	1	1	1	1
53	"male"	34	5	3	3	1	1	1	1
53	"male"	35	6	5	1	1	1	1	1
53	"male"	36	5	3	3	1	1	1	1
53	"male"	37	3	1	2	2	1	1	1
53	"male"	38	3	2	1	2	1	1	1
53	"male"	39	5	4	5	1	1	1	1
54	"female"	1	6	7	4	4	4	2	4
54	"female"	2	5	7	3	6	5	3	6
54	"female"	3	5	6	3	5	4	3	6
54	"female"	4	6	7	4	5	4	3	6
54	"female"	5	6	7	2	4	3	1	4
54	"female"	6	5	6	4	5	5	2	5
54	"female"	7	6	7	3	4	5	2	6
54	"female"	9	6	7	5	4	6	1	5
54	"female"	10	6	7	4	4	6	3	5
54	"female"	12	6	6	4	3	4	2	4
54	"female"	14	6	6	5	4	3	1	5
54	"female"	15	7	7	6	1	3	1	2
54	"female"	16	7	7	6	3	3	1	3
54	"female"	17	5	7	4	5	4	2	4
54	"female"	18	7	7	5	4	4	2	5
54	"female"	19	5	6	3	6	4	2	4
54	"female"	20	7	7	5	2	3	1	4
54	"female"	23	5	7	4	5	5	1	4
54	"female"	24	6	7	5	5	3	2	5
54	"female"	25	7	7	4	3	3	1	4
54	"female"	26	6	7	4	5	5	2	5
54	"female"	27	5	4	4	7	4	3	6
54	"female"	28	5	6	2	4	5	2	6
54	"female"	30	5	7	3	4	2	1	5
54	"female"	32	5	6	3	3	4	1	5
54	"female"	33	7	7	5	4	4	1	3
54	"female"	34	6	7	3	4	4	3	4
54	"female"	35	7	7	4	3	4	2	2
54	"female"	36	5	7	4	5	6	2	5
54	"female"	37	6	7	4	5	5	1	5
54	"female"	38	6	6	2	5	5	1	3
54	"female"	39	6	7	3	5	4	1	5
55	"male"	1	3	7	5	5	1	3	1
55	"male"	2	4	7	6	3	1	1	1
55	"male"	3	4	7	5	2	1	4	1
55	"male"	4	3	7	6	3	1	3	1
55	"male"	5	5	7	6	2	1	2	1
55	"male"	6	3	6	4	3	1	5	1
55	"male"	7	3	7	5	4	2	5	2
55	"male"	8	3	7	4	5	3	5	2
55	"male"	9	4	7	7	2	1	3	1
55	"male"	10	4	7	4	4	3	4	1
55	"male"	12	4	7	5	2	1	4	1
55	"male"	13	3	7	4	4	2	5	2
55	"male"	14	3	6	6	3	1	4	1
55	"male"	16	4	7	5	1	1	3	1
55	"male"	17	3	7	5	3	1	3	1
55	"male"	18	3	7	4	3	2	2	1
55	"male"	19	4	7	6	2	1	3	1
55	"male"	20	4	7	6	3	1	3	1
55	"male"	22	5	7	5	4	2	4	1
55	"male"	23	4	7	7	3	1	3	1
55	"male"	24	4	6	5	4	3	4	1
55	"male"	25	5	7	6	3	1	4	1
55	"male"	26	5	7	5	1	1	1	1
55	"male"	27	3	7	5	2	1	2	1
55	"male"	28	2	7	5	4	1	5	1
55	"male"	29	4	7	6	2	1	2	1
55	"male"	31	4	7	5	3	3	4	1
55	"male"	32	5	7	6	3	1	3	1
55	"male"	34	4	7	6	2	1	3	1
55	"male"	36	4	7	6	2	1	3	1
55	"male"	37	5	7	5	3	1	4	1
55	"male"	39	4	7	5	3	1	4	1
55	"male"	40	4	7	6	2	2	3	1
56	"female"	1	6	7	2	4	4	4	3
56	"female"	2	6	7	4	4	2	3	2
56	"female"	3	4	7	5	5	4	5	4
56	"female"	4	5	7	5	3	2	2	2
56	"female"	6	4	7	3	5	3	4	3
56	"female"	8	4	7	4	6	3	4	1
56	"female"	10	7	7	6	2	2	1	1
56	"female"	11	6	7	5	2	1	2	1
56	"female"	13	7	7	6	3	1	3	2
56	"female"	14	7	7	6	2	1	1	1
56	"female"	15	7	7	6	3	2	3	2
56	"female"	16	7	7	6	2	1	2	1
56	"female"	19	4	7	5	4	3	2	1
56	"female"	20	5	7	3	5	1	2	1
56	"female"	22	6	7	6	5	2	2	1
56	"female"	23	5	7	4	3	3	3	2
56	"female"	24	4	7	5	5	2	1	2
56	"female"	25	6	7	4	3	2	1	2
56	"female"	26	6	7	5	4	1	3	2
56	"female"	27	5	7	4	5	4	3	4
56	"female"	28	7	7	7	4	1	1	1
56	"female"	29	5	7	5	2	2	2	1
56	"female"	30	5	7	4	3	3	4	4
56	"female"	32	6	7	5	4	2	2	1
56	"female"	33	5	7	4	4	1	2	1
56	"female"	34	3	7	4	5	3	3	4
56	"female"	35	5	6	4	3	2	2	1
56	"female"	36	5	5	3	6	3	4	1
56	"female"	37	4	6	4	4	3	3	3
56	"female"	38	4	7	5	4	2	2	1
56	"female"	40	7	7	5	3	1	1	1
57	"male"	2	5	4	4	5	2	3	2
57	"male"	4	3	3	3	5	1	5	4
57	"male"	5	5	3	2	5	4	4	3
57	"male"	6	2	1	2	6	4	5	5
57	"male"	7	5	3	4	4	2	5	2
57	"male"	8	4	4	3	3	1	4	3
57	"male"	9	2	3	2	6	2	5	4
57	"male"	10	4	2	4	3	3	4	3
57	"male"	11	4	4	4	5	4	5	2
57	"male"	12	3	2	3	3	1	4	2
57	"male"	15	6	4	5	5	1	3	2
57	"male"	16	5	4	4	4	1	4	2
57	"male"	17	5	4	4	4	2	5	3
57	"male"	18	3	3	2	5	3	5	4
57	"male"	21	3	3	3	5	2	4	3
57	"male"	22	4	3	3	5	2	5	4
57	"male"	23	4	2	3	5	2	4	3
57	"male"	25	4	3	5	5	3	5	4
57	"male"	26	5	3	2	5	2	6	4
57	"male"	27	1	1	2	5	5	5	5
57	"male"	28	3	2	3	5	2	3	3
57	"male"	30	3	2	3	5	2	3	2
57	"male"	31	3	2	3	6	3	6	5
57	"male"	32	3	2	2	5	2	6	5
57	"male"	33	5	3	3	5	2	5	3
57	"male"	35	4	4	5	5	3	4	3
57	"male"	36	3	3	4	4	2	5	4
58	"male"	2	4	5	2	5	5	2	2
58	"male"	3	4	3	3	5	5	4	3
58	"male"	5	4	4	3	5	4	1	1
58	"male"	6	3	4	2	5	6	4	2
58	"male"	7	4	5	3	4	6	2	2
58	"male"	8	3	3	2	5	6	5	2
58	"male"	9	4	4	3	5	7	4	2
58	"male"	10	4	5	4	5	5	2	1
58	"male"	12	3	3	3	6	6	4	4
58	"male"	13	4	3	2	6	6	3	2
58	"male"	16	6	5	4	5	5	1	1
58	"male"	17	5	4	3	5	6	2	2
58	"male"	18	4	5	4	6	5	1	3
58	"male"	19	4	5	2	4	6	4	3
58	"male"	20	4	4	4	4	6	2	2
58	"male"	22	2	3	1	7	6	3	4
58	"male"	23	4	5	4	5	6	4	2
58	"male"	25	3	4	3	7	7	4	3
58	"male"	27	2	2	1	7	7	4	3
58	"male"	28	2	3	2	6	6	3	2
58	"male"	31	2	3	1	7	7	5	1
58	"male"	32	3	3	2	5	6	3	2
58	"male"	34	2	3	1	7	5	3	3
58	"male"	36	2	4	2	6	5	4	2
58	"male"	38	4	4	4	7	5	3	3
58	"male"	40	4	4	2	5	6	3	4
59	"female"	3	4	7	3	3	1	1	1
59	"female"	5	5	7	4	3	1	1	1
59	"female"	6	3	6	2	5	1	1	1
59	"female"	7	5	7	2	3	1	1	1
59	"female"	8	4	7	3	3	1	1	1
59	"female"	9	6	7	3	3	1	3	1
59	"female"	10	4	6	3	3	1	1	1
59	"female"	12	4	7	4	3	1	2	1
59	"female"	13	3	7	2	5	1	2	1
59	"female"	15	3	7	5	4	1	2	1
59	"female"	16	3	7	4	4	1	2	1
59	"female"	17	4	6	3	2	1	1	1
59	"female"	18	5	7	5	3	1	1	1
59	"female"	19	2	6	3	4	1	2	1
59	"female"	21	2	7	2	4	1	1	1
59	"female"	22	3	5	3	4	1	3	1
59	"female"	23	3	6	2	5	1	1	1
59	"female"	24	6	7	5	3	1	1	1
59	"female"	25	4	7	5	1	1	1	1
59	"female"	26	4	7	3	3	1	1	1
59	"female"	27	4	7	3	3	1	3	1
59	"female"	28	4	7	4	3	1	2	1
59	"female"	29	4	6	3	4	1	2	1
59	"female"	31	3	6	3	2	1	1	1
59	"female"	32	3	7	4	3	1	1	1
59	"female"	33	3	6	3	4	1	2	1
59	"female"	36	3	6	3	3	1	1	1
59	"female"	37	4	7	3	1	1	1	1
59	"female"	38	3	6	1	3	1	2	1
59	"female"	39	3	6	4	5	1	3	1
59	"female"	40	4	7	4	2	1	1	1
60	"female"	1	3	4	2	4	1	1	2
60	"female"	2	4	3	3	3	1	2	1
60	"female"	3	3	2	1	4	1	4	2
60	"female"	5	3	4	2	4	1	2	4
60	"female"	6	3	4	3	4	1	1	2
60	"female"	7	1	1	1	3	1	4	3
60	"female"	8	5	3	2	3	1	1	3
60	"female"	9	3	3	2	5	1	2	4
60	"female"	12	3	4	2	3	1	2	1
60	"female"	14	3	3	3	4	1	2	2
60	"female"	15	3	4	3	5	1	3	2
60	"female"	16	3	3	2	4	1	3	2
60	"female"	17	4	2	1	3	1	1	3
60	"female"	20	2	2	2	2	1	3	1
60	"female"	21	3	2	2	5	1	4	3
60	"female"	22	5	4	2	3	1	2	1
60	"female"	23	4	4	3	2	1	2	1
60	"female"	24	2	2	2	5	1	2	3
60	"female"	26	4	5	5	2	1	1	1
60	"female"	28	3	2	1	4	1	2	3
60	"female"	29	3	3	1	3	1	3	1
60	"female"	31	6	3	3	3	1	2	1
60	"female"	32	3	5	2	4	1	1	3
60	"female"	33	3	4	3	3	1	1	3
60	"female"	34	4	3	3	3	1	1	1
60	"female"	35	3	3	3	2	1	1	2
60	"female"	37	4	4	2	3	1	2	2
60	"female"	38	3	2	1	3	1	1	1
60	"female"	39	3	1	1	6	1	3	5
60	"female"	40	4	4	2	2	1	1	2
61	"female"	3	1	5	2	4	3	2	1
61	"female"	4	2	5	2	4	1	3	3
61	"female"	7	3	7	4	4	4	3	1
61	"female"	8	2	6	2	7	3	4	3
61	"female"	9	3	6	3	5	1	3	2
61	"female"	10	4	7	4	4	3	2	2
61	"female"	11	3	7	5	6	2	1	2
61	"female"	12	3	6	4	3	1	2	1
61	"female"	13	4	7	4	3	1	3	1
61	"female"	14	3	6	5	3	1	2	3
61	"female"	15	4	7	4	2	1	2	1
61	"female"	16	3	7	4	3	2	2	3
61	"female"	17	1	5	1	5	1	3	2
61	"female"	18	4	5	4	4	1	2	2
61	"female"	21	3	7	3	4	1	2	2
61	"female"	23	3	5	4	4	2	1	1
61	"female"	24	1	6	1	5	2	3	3
61	"female"	25	3	7	6	4	1	1	1
61	"female"	26	2	6	4	4	1	3	2
61	"female"	28	4	7	4	5	1	2	1
61	"female"	29	4	7	4	4	2	1	2
61	"female"	30	3	6	4	6	1	2	1
61	"female"	33	4	6	4	5	2	4	2
61	"female"	34	3	7	4	3	1	4	3
61	"female"	35	3	6	3	3	1	2	3
61	"female"	37	2	5	3	5	1	2	1
61	"female"	38	3	6	3	5	2	3	3
61	"female"	39	3	7	2	6	2	3	2
62	"female"	1	2	5	3	4	1	4	3
62	"female"	2	1	6	3	3	1	2	2
62	"female"	3	2	7	5	2	1	3	1
62	"female"	4	1	4	4	4	1	4	4
62	"female"	5	1	6	5	4	1	4	3
62	"female"	6	2	6	5	3	1	3	1
62	"female"	7	1	5	4	4	1	3	2
62	"female"	8	1	7	4	4	1	3	2
62	"female"	9	1	6	5	3	1	1	3
62	"female"	10	1	4	2	5	1	4	3
62	"female"	12	2	5	4	3	1	3	1
62	"female"	15	1	5	2	3	1	2	4
62	"female"	16	2	6	5	4	1	3	2
62	"female"	17	3	6	5	2	1	2	1
62	"female"	18	3	7	5	2	1	2	1
62	"female"	20	1	6	4	4	1	3	2
62	"female"	21	1	7	4	3	1	4	3
62	"female"	22	1	6	4	4	1	3	1
62	"female"	23	2	6	5	3	1	3	3
62	"female"	24	2	6	4	3	1	2	1
62	"female"	25	1	6	4	4	1	4	2
62	"female"	26	1	5	3	3	1	4	3
62	"female"	27	1	7	3	4	1	4	3
62	"female"	28	1	6	5	3	1	3	1
62	"female"	29	1	5	4	4	1	3	4
62	"female"	30	1	7	3	2	1	3	2
62	"female"	32	4	7	5	2	1	2	2
62	"female"	33	2	7	4	4	1	3	3
62	"female"	34	2	7	4	2	1	2	2
62	"female"	37	2	6	5	2	1	1	2
62	"female"	38	1	6	3	3	1	3	3
62	"female"	39	1	5	2	4	1	4	2
62	"female"	40	1	4	2	4	1	5	4
63	"male"	2	1	5	3	5	1	6	2
63	"male"	3	3	7	2	4	1	5	2
63	"male"	4	3	6	3	3	1	4	2
63	"male"	5	3	6	3	3	1	3	1
63	"male"	6	4	7	4	2	1	3	1
63	"male"	7	4	7	3	2	1	4	1
63	"male"	8	4	7	5	3	1	3	1
63	"male"	9	2	5	2	4	1	5	2
63	"male"	11	4	7	4	3	1	4	1
63	"male"	15	4	7	4	3	1	5	2
63	"male"	16	3	7	4	2	1	4	1
63	"male"	17	4	6	3	1	1	3	2
63	"male"	18	4	6	3	2	1	3	1
63	"male"	23	3	6	2	3	1	5	2
63	"male"	24	3	6	2	5	1	5	3
63	"male"	25	2	5	2	3	1	5	3
63	"male"	26	4	6	2	3	1	4	2
63	"male"	29	4	6	2	3	1	4	1
63	"male"	30	1	4	2	5	3	6	3
63	"male"	31	4	7	4	3	1	2	1
63	"male"	32	3	6	2	4	2	6	3
63	"male"	33	4	7	3	3	1	4	1
63	"male"	34	3	6	2	1	1	4	1
63	"male"	35	5	7	4	2	1	5	2
63	"male"	36	4	6	2	2	1	4	1
63	"male"	37	4	7	4	2	1	3	1
63	"male"	38	1	6	2	4	1	4	1
63	"male"	40	3	6	4	3	1	4	1
64	"female"	1	4	6	3	1	2	1	1
64	"female"	2	6	6	5	3	3	2	1
64	"female"	3	4	5	3	3	5	1	1
64	"female"	4	4	5	4	3	2	1	2
64	"female"	5	4	5	3	3	3	1	1
64	"female"	6	6	6	4	2	2	1	1
64	"female"	7	6	5	4	3	4	1	1
64	"female"	8	6	7	4	2	1	1	1
64	"female"	9	5	6	5	2	3	1	1
64	"female"	12	5	6	4	4	3	1	1
64	"female"	13	6	7	5	1	1	1	1
64	"female"	15	4	6	4	2	2	1	1
64	"female"	16	5	6	5	2	3	2	1
64	"female"	17	7	6	5	1	2	1	1
64	"female"	19	5	6	4	3	3	1	1
64	"female"	21	5	7	5	1	1	1	1
64	"female"	23	5	5	3	1	3	1	1
64	"female"	24	5	5	4	2	2	1	1
64	"female"	25	4	6	6	2	2	1	1
64	"female"	26	6	6	4	1	2	1	1
64	"female"	28	5	5	4	2	2	1	1
64	"female"	29	7	6	5	2	2	1	1
64	"female"	31	5	6	3	1	2	1	2
64	"female"	34	6	6	3	1	3	1	1
64	"female"	35	4	5	3	3	4	2	1
64	"female"	36	6	6	4	2	3	2	1
64	"female"	37	5	6	4	2	3	1	1
64	"female"	38	5	3	3	3	5	1	1
64	"female"	39	5	5	3	3	4	1	1
64	"female"	40	5	5	2	3	3	1	1
65	"female"	1	3	1	3	6	1	3	1
65	"female"	2	4	2	3	6	1	1	1
65	"female"	3	5	3	3	6	1	1	1
65	"female"	4	4	1	3	7	1	1	2
65	"female"	6	6	3	4	4	1	1	1
65	"female"	9	2	2	3	6	1	2	1
65	"female"	10	5	5	4	6	1	1	1
65	"female"	11	4	3	3	5	1	1	1
65	"female"	12	3	1	2	6	1	2	1
65	"female"	13	4	5	3	6	1	1	1
65	"female"	14	3	2	3	7	1	2	1
65	"female"	15	5	3	4	4	1	1	1
65	"female"	16	3	1	3	6	1	2	2
65	"female"	17	5	5	3	5	1	1	1
65	"female"	18	5	4	5	3	1	1	1
65	"female"	19	3	2	4	5	1	1	2
65	"female"	20	3	4	4	5	1	2	1
65	"female"	22	5	2	4	6	1	2	1
65	"female"	24	5	4	3	4	1	1	1
65	"female"	25	3	2	2	4	1	1	1
65	"female"	26	4	2	3	6	1	1	1
65	"female"	27	6	5	6	4	1	2	1
65	"female"	28	4	3	3	7	1	1	1
65	"female"	29	3	1	2	6	1	2	1
65	"female"	30	4	1	3	4	1	2	2
65	"female"	31	2	1	1	7	1	3	2
65	"female"	32	4	2	4	6	1	1	2
65	"female"	33	3	1	2	5	1	2	1
65	"female"	35	4	2	3	5	1	2	1
65	"female"	36	6	3	4	4	1	1	1
65	"female"	37	5	4	5	6	1	1	2
65	"female"	38	4	2	3	6	1	4	2
65	"female"	39	5	3	3	5	1	1	1
65	"female"	40	4	3	4	4	1	1	1
66	"male"	2	7	4	6	2	1	2	1
66	"male"	4	6	5	6	3	1	3	1
66	"male"	5	5	6	6	3	1	2	1
66	"male"	6	4	5	6	4	2	4	2
66	"male"	7	6	6	6	4	1	2	1
66	"male"	8	4	3	4	5	1	4	3
66	"male"	9	6	5	7	2	1	2	1
66	"male"	10	5	4	6	4	1	5	2
66	"male"	11	4	5	5	3	1	3	1
66	"male"	12	5	3	5	2	1	3	1
66	"male"	16	6	4	4	3	1	4	2
66	"male"	17	6	6	7	2	1	3	1
66	"male"	18	5	5	5	4	1	3	2
66	"male"	19	4	4	6	4	1	4	1
66	"male"	20	6	5	5	3	1	3	1
66	"male"	22	5	5	6	4	1	4	2
66	"male"	23	5	5	5	4	1	4	2
66	"male"	24	5	5	6	5	1	5	2
66	"male"	25	4	4	4	4	1	4	4
66	"male"	26	6	6	7	4	1	3	1
66	"male"	27	6	6	7	3	2	4	1
66	"male"	29	4	2	4	4	1	3	3
66	"male"	30	5	6	5	4	1	3	1
66	"male"	31	5	6	7	3	1	1	1
66	"male"	32	5	4	6	5	1	3	1
66	"male"	33	6	6	7	3	1	3	1
66	"male"	34	5	6	6	3	1	2	1
66	"male"	35	4	2	4	3	1	3	2
66	"male"	36	5	5	6	2	1	3	1
66	"male"	37	5	5	6	3	1	2	1
66	"male"	39	3	3	4	5	1	3	3
66	"male"	40	3	4	4	6	2	5	2
67	"male"	2	4	5	4	4	1	2	4
67	"male"	4	5	3	4	4	1	1	2
67	"male"	5	5	5	4	6	2	1	3
67	"male"	6	2	3	2	6	2	2	4
67	"male"	7	3	4	3	5	1	3	3
67	"male"	8	5	5	3	5	1	1	3
67	"male"	9	4	4	3	5	1	2	3
67	"male"	10	4	4	4	6	1	2	3
67	"male"	11	5	5	6	5	2	1	3
67	"male"	12	6	5	5	4	1	1	2
67	"male"	13	6	4	4	5	1	1	3
67	"male"	14	5	5	4	7	1	3	3
67	"male"	15	4	3	4	5	1	2	4
67	"male"	18	3	4	2	5	1	2	2
67	"male"	19	3	2	3	7	2	2	4
67	"male"	21	5	6	6	5	1	1	3
67	"male"	22	5	4	5	5	1	1	2
67	"male"	23	4	4	3	6	2	2	4
67	"male"	24	3	3	3	4	1	1	1
67	"male"	25	6	5	5	6	1	1	3
67	"male"	26	4	5	4	6	2	2	3
67	"male"	27	5	3	4	5	2	1	2
67	"male"	28	4	4	4	5	1	2	4
67	"male"	29	5	5	5	7	2	2	3
67	"male"	31	5	4	2	6	1	2	3
67	"male"	32	4	3	5	5	2	1	1
67	"male"	34	5	4	4	7	3	2	5
67	"male"	35	3	4	3	6	1	1	3
67	"male"	36	5	4	4	4	2	2	4
67	"male"	37	6	3	4	6	1	2	3
67	"male"	38	4	5	4	6	2	2	4
67	"male"	40	4	4	4	7	4	2	3
68	"male"	1	6	6	4	3	2	2	3
68	"male"	3	4	4	3	5	4	3	5
68	"male"	4	6	6	4	3	2	2	3
68	"male"	5	7	6	6	3	2	2	3
68	"male"	6	6	6	4	3	2	1	2
68	"male"	8	6	7	4	3	2	2	4
68	"male"	9	6	7	5	2	2	1	3
68	"male"	10	7	6	5	3	1	2	3
68	"male"	11	6	5	3	4	3	2	4
68	"male"	12	6	6	6	2	1	3	4
68	"male"	13	6	7	5	2	1	1	3
68	"male"	14	5	7	5	3	2	3	5
68	"male"	15	6	7	4	5	2	3	4
68	"male"	17	6	6	4	5	2	3	5
68	"male"	18	6	6	5	4	3	3	6
68	"male"	19	6	7	3	4	2	2	5
68	"male"	20	5	6	4	4	1	1	3
68	"male"	22	6	7	5	3	1	2	4
68	"male"	23	5	7	5	2	1	4	4
68	"male"	24	7	7	6	1	1	2	1
68	"male"	25	4	5	3	6	4	5	6
68	"male"	26	6	7	6	2	1	2	3
68	"male"	27	7	7	5	3	2	3	3
68	"male"	28	5	7	5	3	2	2	3
68	"male"	29	6	7	3	3	1	3	5
68	"male"	30	6	6	4	3	2	2	3
68	"male"	31	4	5	3	2	1	2	4
68	"male"	34	5	7	5	3	1	2	5
68	"male"	35	4	6	4	4	2	3	4
68	"male"	36	6	7	4	3	2	2	4
68	"male"	37	7	7	5	2	1	3	2
68	"male"	38	6	6	5	3	1	2	3
68	"male"	40	5	6	4	3	4	3	6
69	"female"	1	5	6	3	1	2	2	1
69	"female"	3	7	7	5	2	1	1	1
69	"female"	4	6	7	4	1	1	1	1
69	"female"	5	7	7	4	1	1	1	1
69	"female"	7	5	7	3	1	1	1	1
69	"female"	9	5	6	4	3	1	3	1
69	"female"	10	5	7	5	1	1	1	1
69	"female"	11	7	7	6	1	1	1	1
69	"female"	14	5	5	3	2	1	1	1
69	"female"	15	4	6	3	1	1	2	1
69	"female"	16	7	7	5	1	1	1	1
69	"female"	17	4	6	4	1	1	2	1
69	"female"	18	7	7	5	1	1	2	1
69	"female"	19	7	7	6	1	1	1	1
69	"female"	20	6	7	4	1	1	1	1
69	"female"	22	6	7	4	1	1	1	1
69	"female"	23	6	6	4	1	1	1	1
69	"female"	24	5	6	3	2	1	3	1
69	"female"	25	5	6	4	2	1	3	1
69	"female"	26	6	7	4	1	1	1	1
69	"female"	27	6	7	5	1	1	1	1
69	"female"	29	7	7	4	1	1	1	1
69	"female"	30	7	7	5	2	1	2	1
69	"female"	33	5	6	2	3	2	3	1
69	"female"	34	7	7	4	2	1	2	1
69	"female"	35	6	7	4	1	1	1	1
69	"female"	36	5	7	4	2	1	2	1
69	"female"	37	7	7	4	2	1	1	1
69	"female"	38	7	7	6	1	1	1	1
69	"female"	40	6	5	3	2	1	3	1
70	"female"	1	6	7	5	5	5	3	3
70	"female"	3	4	7	4	6	7	6	4
70	"female"	4	5	7	4	3	4	4	2
70	"female"	5	6	6	4	4	6	4	1
70	"female"	7	4	7	4	3	5	4	2
70	"female"	8	5	6	5	5	5	4	2
70	"female"	9	5	7	4	4	5	4	4
70	"female"	10	5	6	4	3	5	3	1
70	"female"	12	5	6	4	5	5	5	4
70	"female"	13	4	5	3	7	7	4	3
70	"female"	14	6	7	4	3	5	4	2
70	"female"	15	4	5	2	6	6	4	3
70	"female"	16	4	4	4	5	7	5	4
70	"female"	17	5	6	5	5	5	3	1
70	"female"	19	6	7	5	2	6	4	1
70	"female"	20	6	7	4	4	5	5	2
70	"female"	23	4	5	4	4	4	5	1
70	"female"	24	5	5	2	5	6	5	3
70	"female"	25	6	6	4	4	5	4	3
70	"female"	26	4	5	4	5	7	5	5
70	"female"	27	7	7	5	2	5	4	3
70	"female"	28	6	6	4	4	5	5	2
70	"female"	29	4	4	2	5	7	6	5
70	"female"	31	5	6	4	5	6	5	4
70	"female"	32	6	7	6	5	5	3	2
70	"female"	34	7	7	6	3	4	3	1
70	"female"	35	5	5	3	5	6	5	4
70	"female"	36	5	6	5	4	4	4	3
70	"female"	37	6	7	5	4	4	4	3
70	"female"	38	7	7	5	4	4	4	3
70	"female"	39	4	7	5	5	5	3	2
70	"female"	40	5	7	5	5	4	4	3
71	"male"	2	4	3	2	4	2	3	5
71	"male"	3	5	3	3	3	1	2	2
71	"male"	4	5	5	4	2	1	2	3
71	"male"	5	5	4	4	3	1	3	1
71	"male"	7	5	5	3	5	1	3	2
71	"male"	8	5	5	3	3	1	2	2
71	"male"	9	6	5	3	1	1	1	2
71	"male"	10	6	6	4	3	1	2	1
71	"male"	12	3	5	3	1	1	1	3
71	"male"	13	4	3	2	2	1	3	2
71	"male"	15	6	5	3	3	1	2	2
71	"male"	16	5	5	3	2	1	1	1
71	"male"	17	4	3	3	3	1	2	2
71	"male"	18	4	4	3	3	1	3	3
71	"male"	20	3	3	2	3	1	2	4
71	"male"	21	6	5	5	2	1	2	1
71	"male"	22	4	4	3	5	2	4	4
71	"male"	23	6	6	4	2	1	2	1
71	"male"	24	5	5	4	4	1	3	2
71	"male"	25	5	6	5	2	1	1	2
71	"male"	26	6	5	3	2	1	2	2
71	"male"	27	3	3	2	3	1	2	4
71	"male"	28	4	4	2	3	1	3	4
71	"male"	29	5	7	4	1	1	1	2
71	"male"	30	4	5	3	2	1	2	2
71	"male"	31	5	5	5	2	1	2	2
71	"male"	32	7	6	3	3	1	1	2
71	"male"	33	5	4	3	4	1	2	2
71	"male"	34	4	5	3	4	1	1	3
71	"male"	35	6	5	3	2	1	1	2
71	"male"	36	5	5	3	1	1	2	2
71	"male"	37	4	5	3	3	1	4	3
71	"male"	38	5	6	4	2	1	2	3
71	"male"	39	6	5	3	2	1	3	2
71	"male"	40	6	4	4	1	1	1	1
72	"female"	1	4	3	3	4	1	3	1
72	"female"	3	4	5	4	2	1	1	1
72	"female"	5	5	5	5	1	1	1	1
72	"female"	6	5	6	6	1	1	1	1
72	"female"	7	4	4	4	1	1	3	1
72	"female"	8	4	6	3	2	1	1	1
72	"female"	10	5	5	5	1	1	1	1
72	"female"	11	5	4	5	1	1	1	1
72	"female"	12	5	4	5	2	1	1	1
72	"female"	13	5	3	3	4	1	2	1
72	"female"	14	4	3	2	3	1	3	1
72	"female"	15	2	3	3	4	1	1	1
72	"female"	16	3	3	5	2	1	3	1
72	"female"	18	5	3	4	1	1	1	1
72	"female"	19	6	5	7	1	1	1	1
72	"female"	22	6	5	6	1	1	1	1
72	"female"	25	4	5	4	3	1	1	1
72	"female"	27	4	5	4	1	1	2	1
72	"female"	28	5	6	6	2	1	2	1
72	"female"	29	5	5	4	1	1	2	1
72	"female"	30	6	6	5	1	1	1	1
72	"female"	31	3	4	5	2	2	2	1
72	"female"	32	4	4	4	2	1	1	1
72	"female"	33	5	6	5	2	1	1	1
72	"female"	34	4	3	2	3	2	2	1
72	"female"	36	5	6	5	3	1	1	1
72	"female"	38	3	5	4	3	1	2	1
72	"female"	39	4	3	3	2	1	3	1
73	"male"	1	5	6	5	2	1	1	1
73	"male"	3	6	6	4	1	1	1	1
73	"male"	5	6	6	4	1	1	1	1
73	"male"	6	7	7	6	1	1	1	1
73	"male"	7	6	5	4	1	1	1	1
73	"male"	8	5	6	4	2	1	1	1
73	"male"	10	6	7	5	1	1	1	1
73	"male"	11	6	6	4	2	1	1	1
73	"male"	12	5	6	3	1	1	1	1
73	"male"	14	5	5	4	1	1	1	1
73	"male"	15	5	5	5	1	1	1	1
73	"male"	16	5	6	4	1	1	1	1
73	"male"	17	6	6	5	2	1	1	1
73	"male"	20	5	6	4	2	1	1	1
73	"male"	22	7	7	6	1	1	1	1
73	"male"	24	7	7	6	1	1	1	1
73	"male"	25	5	6	3	1	1	1	1
73	"male"	26	7	7	4	1	1	1	1
73	"male"	27	5	7	3	1	1	1	1
73	"male"	28	7	7	6	1	1	1	1
73	"male"	29	6	5	3	2	1	1	1
73	"male"	30	5	6	3	2	1	1	1
73	"male"	31	6	7	4	1	1	1	1
73	"male"	32	6	7	6	1	1	1	1
73	"male"	34	5	6	4	1	1	1	1
73	"male"	36	7	7	5	1	1	1	1
73	"male"	37	7	6	6	1	1	1	1
73	"male"	38	6	6	5	2	1	1	1
73	"male"	39	4	4	3	1	1	1	1
73	"male"	40	5	7	4	1	1	1	1
74	"male"	2	3	3	3	6	6	7	5
74	"male"	3	3	2	4	4	4	5	3
74	"male"	4	4	3	3	5	5	5	3
74	"male"	5	4	3	4	4	2	3	4
74	"male"	7	4	2	3	6	4	6	5
74	"male"	8	3	1	3	6	4	6	6
74	"male"	9	4	1	2	6	5	5	5
74	"male"	10	5	2	3	5	4	5	6
74	"male"	11	3	1	2	7	7	7	5
74	"male"	12	3	1	2	3	3	6	4
74	"male"	13	3	2	2	6	5	5	5
74	"male"	15	4	1	4	4	4	6	4
74	"male"	16	4	4	5	4	5	5	5
74	"male"	17	3	1	2	5	6	5	5
74	"male"	18	4	2	1	5	4	7	6
74	"male"	19	4	3	3	5	4	5	4
74	"male"	21	3	1	2	6	4	7	7
74	"male"	22	3	1	2	4	4	6	5
74	"male"	23	4	3	4	4	5	4	5
74	"male"	24	4	2	4	6	5	4	4
74	"male"	26	4	1	3	5	5	7	6
74	"male"	27	3	1	1	6	4	5	5
74	"male"	28	3	2	2	7	6	7	7
74	"male"	29	3	1	3	7	6	7	4
74	"male"	30	3	3	3	5	5	5	5
74	"male"	32	3	1	2	5	5	6	6
74	"male"	33	4	2	3	5	5	5	5
74	"male"	35	3	1	1	6	5	6	5
74	"male"	36	2	1	2	6	4	5	6
74	"male"	37	3	1	2	5	3	5	4
74	"male"	38	5	2	4	5	4	4	3
74	"male"	39	4	1	2	6	5	4	6
74	"male"	40	4	1	3	6	5	6	5
75	"male"	1	4	5	5	2	1	3	1
75	"male"	3	5	5	4	1	1	2	1
75	"male"	5	4	5	4	1	1	1	1
75	"male"	6	5	5	4	2	1	1	1
75	"male"	7	5	7	4	1	1	1	1
75	"male"	8	4	5	4	1	1	1	1
75	"male"	9	4	5	5	2	1	2	2
75	"male"	11	4	6	4	2	1	2	1
75	"male"	12	4	6	4	2	1	3	1
75	"male"	13	6	6	5	1	1	1	1
75	"male"	14	3	5	2	2	1	2	1
75	"male"	15	3	5	4	2	1	1	1
75	"male"	17	2	4	4	1	1	3	2
75	"male"	19	3	5	3	1	1	2	1
75	"male"	20	5	6	5	1	1	2	1
75	"male"	22	3	5	2	1	1	2	1
75	"male"	23	3	4	3	1	1	3	2
75	"male"	24	4	5	2	1	1	1	1
75	"male"	25	4	5	2	1	1	2	1
75	"male"	26	3	7	3	1	1	1	1
75	"male"	27	5	7	5	2	1	2	1
75	"male"	28	3	4	4	1	1	2	1
75	"male"	29	4	6	3	1	1	1	1
75	"male"	30	3	6	5	1	1	1	1
75	"male"	31	1	5	3	3	1	2	1
75	"male"	33	4	6	4	1	1	2	1
75	"male"	34	4	6	4	2	1	3	1
75	"male"	35	4	7	4	1	1	1	1
75	"male"	36	4	5	4	1	1	3	1
75	"male"	37	2	4	4	1	1	2	1
75	"male"	38	6	5	3	1	1	1	1
75	"male"	39	4	6	5	3	1	1	1
75	"male"	40	4	7	3	1	1	1	1
76	"female"	1	4	7	5	5	1	3	1
76	"female"	2	3	7	4	6	2	4	1
76	"female"	3	5	7	5	6	2	5	2
76	"female"	4	3	7	4	5	1	4	1
76	"female"	5	3	7	5	6	3	5	3
76	"female"	6	4	7	4	6	2	4	2
76	"female"	7	2	5	3	6	3	3	3
76	"female"	9	6	7	7	4	1	3	1
76	"female"	10	4	7	4	6	3	5	2
76	"female"	11	4	7	5	6	2	4	3
76	"female"	12	4	7	5	6	3	6	3
76	"female"	15	4	7	5	6	3	5	2
76	"female"	16	2	7	4	6	3	5	3
76	"female"	18	6	7	6	5	2	3	2
76	"female"	21	2	7	3	5	2	6	1
76	"female"	22	2	6	4	6	1	5	2
76	"female"	23	3	7	4	7	3	5	2
76	"female"	24	3	6	5	7	3	4	2
76	"female"	25	3	7	5	6	2	4	2
76	"female"	26	4	7	6	5	2	4	2
76	"female"	27	3	7	4	5	1	5	1
76	"female"	28	5	7	4	5	2	4	2
76	"female"	29	3	7	4	5	2	4	2
76	"female"	30	2	7	4	7	3	5	1
76	"female"	34	5	7	5	5	1	3	1
76	"female"	35	5	7	6	5	1	3	1
76	"female"	36	4	7	4	5	2	5	3
76	"female"	38	4	7	5	5	1	3	1
76	"female"	40	4	7	5	5	1	2	1
77	"female"	1	1	1	1	7	3	6	3
77	"female"	2	3	3	3	4	1	4	1
77	"female"	4	3	2	1	4	1	4	1
77	"female"	5	4	3	1	3	1	3	1
77	"female"	7	5	5	3	3	1	4	1
77	"female"	8	3	4	1	5	1	4	1
77	"female"	9	4	4	1	4	1	2	1
77	"female"	10	5	3	3	5	1	3	1
77	"female"	11	4	4	3	3	1	1	1
77	"female"	14	3	3	1	4	1	3	1
77	"female"	15	4	3	1	6	2	4	4
77	"female"	16	3	2	1	6	2	6	2
77	"female"	17	2	3	2	4	1	4	1
77	"female"	18	4	4	2	4	1	3	1
77	"female"	19	5	5	3	5	1	1	1
77	"female"	20	4	2	1	3	2	4	1
77	"female"	23	3	4	2	3	2	4	1
77	"female"	24	2	1	1	4	2	4	1
77	"female"	25	3	3	1	5	1	4	3
77	"female"	26	3	3	2	4	1	4	1
77	"female"	27	3	2	1	4	1	3	1
77	"female"	28	2	2	1	6	2	4	1
77	"female"	30	3	3	1	5	1	4	2
77	"female"	32	1	2	1	4	1	3	1
77	"female"	33	4	3	1	5	1	3	1
77	"female"	34	3	2	1	5	2	4	1
77	"female"	35	3	2	1	5	1	5	2
77	"female"	37	4	2	2	4	1	3	3
77	"female"	38	2	2	2	3	1	3	1
77	"female"	39	3	2	1	6	1	4	3
77	"female"	40	4	3	2	5	1	3	1
78	"female"	1	4	7	4	4	1	2	2
78	"female"	2	6	7	6	4	1	1	1
78	"female"	3	5	7	5	1	1	1	1
78	"female"	4	3	7	3	4	1	3	3
78	"female"	6	6	7	5	4	1	1	1
78	"female"	7	5	7	4	3	1	1	1
78	"female"	8	3	6	2	3	1	2	1
78	"female"	9	4	7	4	3	1	3	1
78	"female"	10	5	7	4	3	1	1	1
78	"female"	17	4	5	3	5	1	2	1
78	"female"	18	4	7	3	3	1	3	1
78	"female"	20	4	7	6	4	1	3	2
78	"female"	21	4	6	3	5	1	3	2
78	"female"	23	5	7	4	6	1	1	2
78	"female"	24	7	7	5	2	1	1	1
78	"female"	25	4	7	4	4	1	3	1
78	"female"	26	4	7	4	3	1	2	1
78	"female"	27	4	7	4	2	1	1	1
78	"female"	28	4	7	4	5	1	2	3
78	"female"	29	5	7	5	4	1	2	1
78	"female"	33	3	6	4	4	1	2	2
78	"female"	34	5	7	3	5	1	3	2
78	"female"	35	7	7	6	1	1	1	1
78	"female"	36	4	7	3	4	1	2	2
78	"female"	37	5	6	4	4	1	3	1
78	"female"	38	4	7	4	5	1	1	3
78	"female"	39	4	7	4	5	1	3	1
79	"female"	1	4	6	4	4	1	2	3
79	"female"	2	5	6	4	3	1	3	3
79	"female"	3	4	6	3	4	1	2	3
79	"female"	4	4	6	3	4	2	5	2
79	"female"	5	4	5	1	3	1	4	2
79	"female"	6	4	7	4	3	1	3	2
79	"female"	7	3	7	4	2	1	2	2
79	"female"	9	5	6	4	5	1	4	2
79	"female"	10	4	5	4	5	1	4	3
79	"female"	12	5	7	3	3	1	3	3
79	"female"	14	3	4	2	4	1	4	3
79	"female"	15	4	7	5	3	1	2	1
79	"female"	16	4	7	3	4	1	3	1
79	"female"	17	4	6	3	3	1	2	3
79	"female"	18	4	5	3	2	1	2	1
79	"female"	19	4	5	2	3	1	5	3
79	"female"	20	2	5	3	3	1	3	2
79	"female"	23	6	7	4	1	1	4	2
79	"female"	24	6	7	5	4	1	3	2
79	"female"	25	4	7	4	2	1	1	1
79	"female"	26	2	4	2	3	1	4	3
79	"female"	27	3	5	2	4	1	4	1
79	"female"	28	2	3	2	4	2	4	4
79	"female"	30	3	6	4	3	1	4	2
79	"female"	32	5	6	2	4	1	4	3
79	"female"	33	4	7	3	2	1	3	2
79	"female"	34	6	7	3	3	1	3	2
79	"female"	35	4	6	3	3	1	3	2
79	"female"	36	3	5	2	3	1	3	2
79	"female"	37	4	7	3	2	1	1	1
79	"female"	38	5	7	4	3	1	2	2
79	"female"	39	3	6	2	3	1	3	2
80	"female"	1	3	6	3	6	2	2	1
80	"female"	2	3	6	3	5	1	2	2
80	"female"	3	3	4	3	5	3	4	1
80	"female"	4	2	6	4	5	2	1	1
80	"female"	5	5	7	5	3	2	1	1
80	"female"	6	4	7	5	3	2	1	2
80	"female"	7	3	5	2	3	2	1	2
80	"female"	8	2	5	3	4	1	1	2
80	"female"	9	4	7	5	3	1	1	2
80	"female"	10	4	7	4	4	3	1	2
80	"female"	12	2	5	3	5	2	1	1
80	"female"	13	2	5	2	3	1	2	2
80	"female"	14	5	7	4	3	1	1	1
80	"female"	16	3	5	3	5	2	4	4
80	"female"	17	5	6	4	3	1	1	1
80	"female"	18	3	5	2	5	4	3	2
80	"female"	19	1	3	1	6	3	1	1
80	"female"	20	3	5	3	5	1	2	1
80	"female"	22	3	7	4	4	2	1	1
80	"female"	23	4	6	4	4	1	2	1
80	"female"	24	3	6	4	4	1	2	1
80	"female"	25	3	6	3	5	3	2	3
80	"female"	26	4	7	4	3	1	1	1
80	"female"	27	2	5	2	5	3	2	2
80	"female"	28	2	6	3	5	5	3	2
80	"female"	29	3	6	4	2	1	1	1
80	"female"	31	4	6	3	4	1	1	2
80	"female"	32	5	6	5	3	2	1	1
80	"female"	34	4	7	4	4	1	1	1
80	"female"	36	2	5	3	5	2	1	1
80	"female"	37	3	6	2	5	1	1	1
80	"female"	39	3	6	4	4	2	2	2
80	"female"	40	3	6	3	4	3	3	1
81	"female"	1	3	4	3	2	2	2	2
81	"female"	2	4	5	3	2	1	2	2
81	"female"	3	5	5	4	3	1	3	3
81	"female"	4	6	6	4	2	1	3	1
81	"female"	6	5	5	3	2	1	3	4
81	"female"	8	7	7	5	2	1	2	2
81	"female"	10	4	4	4	1	1	3	3
81	"female"	11	4	6	3	3	1	3	3
81	"female"	13	6	7	5	1	1	1	2
81	"female"	14	5	6	3	2	1	2	2
81	"female"	15	5	6	4	3	2	3	3
81	"female"	16	4	5	3	3	3	4	4
81	"female"	19	4	5	4	3	3	3	4
81	"female"	20	5	5	3	3	2	3	5
81	"female"	22	4	5	3	4	2	3	5
81	"female"	23	3	5	3	3	2	4	3
81	"female"	24	5	7	4	1	1	2	2
81	"female"	25	6	5	4	3	2	3	3
81	"female"	26	4	5	4	3	1	3	3
81	"female"	27	4	4	3	3	3	4	4
81	"female"	28	6	6	5	2	1	4	3
81	"female"	29	5	6	4	2	1	2	1
81	"female"	30	5	5	3	1	1	3	3
81	"female"	32	5	5	4	4	3	5	3
81	"female"	33	2	5	3	3	2	4	3
81	"female"	34	6	6	4	1	1	1	1
81	"female"	35	6	5	4	1	2	4	4
81	"female"	36	5	4	3	3	1	3	3
81	"female"	37	4	5	3	3	1	2	4
81	"female"	38	6	6	4	2	1	4	2
81	"female"	40	7	6	4	1	1	1	3
82	"female"	2	7	4	5	3	2	2	1
82	"female"	4	6	6	6	3	2	2	1
82	"female"	5	5	2	4	4	1	3	1
82	"female"	6	5	4	4	4	2	3	1
82	"female"	7	4	3	4	4	2	3	2
82	"female"	8	7	5	4	4	4	2	1
82	"female"	9	6	5	5	4	2	3	1
82	"female"	10	7	5	7	2	1	1	1
82	"female"	11	6	3	4	4	4	2	1
82	"female"	12	5	4	4	3	3	3	1
82	"female"	15	7	4	4	3	2	1	1
82	"female"	16	6	6	5	3	4	2	1
82	"female"	17	5	4	4	4	4	4	1
82	"female"	18	7	5	4	3	3	1	1
82	"female"	21	7	5	5	4	4	2	1
82	"female"	22	6	5	5	4	5	3	1
82	"female"	23	6	4	4	5	4	4	1
82	"female"	25	6	5	6	2	4	3	1
82	"female"	26	5	3	4	3	4	2	1
82	"female"	27	5	5	4	3	4	3	1
82	"female"	28	6	5	4	5	5	4	1
82	"female"	30	7	5	7	2	2	1	1
82	"female"	31	7	6	6	2	2	2	1
82	"female"	32	7	7	7	3	2	1	1
82	"female"	33	7	6	5	3	2	3	1
82	"female"	35	7	6	6	4	2	2	1
82	"female"	36	7	4	4	4	4	4	1
83	"female"	2	7	7	3	1	3	2	1
83	"female"	3	7	7	4	1	1	1	1
83	"female"	5	7	7	4	1	1	2	1
83	"female"	6	5	7	4	1	1	1	1
83	"female"	7	4	5	1	2	2	3	1
83	"female"	8	7	7	4	1	1	1	1
83	"female"	9	5	7	3	1	1	1	1
83	"female"	10	7	7	3	1	1	1	1
83	"female"	12	6	6	3	1	2	2	1
83	"female"	13	7	7	4	1	1	1	1
83	"female"	16	7	7	3	1	1	1	1
83	"female"	17	5	7	3	1	1	1	1
83	"female"	18	5	6	2	1	2	2	1
83	"female"	19	6	5	2	2	1	1	1
83	"female"	20	5	7	3	1	2	1	1
83	"female"	22	7	7	3	1	1	1	1
83	"female"	23	7	7	4	1	1	1	1
83	"female"	25	6	7	3	1	1	1	1
83	"female"	27	5	7	2	1	2	1	1
83	"female"	28	7	7	3	1	1	1	1
83	"female"	31	7	7	3	1	1	1	1
83	"female"	32	6	7	2	1	2	1	1
83	"female"	34	7	7	5	1	1	1	1
83	"female"	36	4	6	1	1	1	1	1
83	"female"	38	6	7	3	1	1	1	1
83	"female"	40	7	7	4	1	1	1	1
84	"male"	3	6	5	5	2	1	1	1
84	"male"	5	6	3	6	1	1	1	1
84	"male"	6	7	4	5	2	1	1	1
84	"male"	7	6	1	4	2	2	2	1
84	"male"	8	6	4	5	1	3	1	1
84	"male"	9	5	2	3	5	4	2	2
84	"male"	10	7	5	5	2	1	1	1
84	"male"	12	7	3	4	3	2	1	1
84	"male"	13	5	2	4	2	2	1	1
84	"male"	15	6	2	4	3	2	1	1
84	"male"	16	6	1	4	2	1	1	1
84	"male"	17	5	3	5	2	2	2	2
84	"male"	18	4	1	3	2	2	2	1
84	"male"	19	6	4	4	2	3	1	1
84	"male"	21	6	4	4	3	3	1	1
84	"male"	22	7	3	5	3	4	2	1
84	"male"	23	6	4	4	3	2	1	1
84	"male"	24	6	3	4	2	3	3	1
84	"male"	25	6	3	5	1	1	1	1
84	"male"	26	5	4	5	4	2	1	1
84	"male"	27	4	4	5	1	2	1	1
84	"male"	28	6	3	4	3	2	1	1
84	"male"	29	5	3	4	3	2	1	1
84	"male"	31	6	3	5	3	3	1	1
84	"male"	32	5	3	4	1	2	1	1
84	"male"	33	6	3	5	2	2	1	1
84	"male"	36	6	4	5	1	1	1	1
84	"male"	37	7	4	5	1	2	1	1
84	"male"	38	5	3	4	1	3	1	1
84	"male"	39	5	2	3	2	3	1	2
84	"male"	40	7	2	4	2	2	1	1
85	"female"	1	3	7	3	4	2	3	2
85	"female"	2	4	7	1	4	2	2	3
85	"female"	3	1	6	1	6	4	4	2
85	"female"	5	2	7	2	5	2	3	3
85	"female"	6	2	5	1	3	3	4	2
85	"female"	7	4	7	3	2	2	3	2
85	"female"	8	4	7	4	3	2	3	1
85	"female"	9	1	6	1	5	2	5	2
85	"female"	12	3	7	2	3	3	1	1
85	"female"	14	3	7	2	3	2	2	1
85	"female"	15	2	6	1	5	3	3	2
85	"female"	16	1	7	2	6	4	5	1
85	"female"	17	1	5	1	4	2	7	3
85	"female"	20	2	6	1	3	3	3	3
85	"female"	21	2	7	1	4	3	3	1
85	"female"	22	1	6	1	3	3	5	2
85	"female"	23	1	6	2	4	3	4	3
85	"female"	24	1	7	1	4	3	5	2
85	"female"	26	2	5	1	4	4	5	2
85	"female"	28	2	6	1	5	2	3	3
85	"female"	29	2	7	2	4	3	4	1
85	"female"	31	2	7	2	4	3	4	2
85	"female"	32	3	7	3	3	1	2	3
85	"female"	33	1	5	1	5	5	4	3
85	"female"	34	2	5	1	4	1	2	2
85	"female"	35	1	6	1	5	4	5	4
85	"female"	37	2	7	1	3	3	4	2
85	"female"	38	3	7	2	2	1	2	1
85	"female"	39	1	6	1	4	2	4	2
85	"female"	40	2	7	2	6	3	3	3
86	"female"	3	3	7	4	2	1	3	1
86	"female"	4	2	6	1	5	1	5	1
86	"female"	7	2	7	3	4	3	5	1
86	"female"	8	1	5	1	4	3	5	2
86	"female"	9	2	6	4	4	2	4	1
86	"female"	10	1	4	2	6	4	5	1
86	"female"	11	2	7	2	4	2	5	1
86	"female"	12	2	5	2	5	2	5	1
86	"female"	13	1	6	1	6	1	4	1
86	"female"	14	1	5	2	3	1	5	1
86	"female"	15	2	6	2	4	1	5	1
86	"female"	16	3	7	3	4	1	3	1
86	"female"	17	3	7	2	4	2	5	1
86	"female"	18	1	5	2	5	2	3	1
86	"female"	21	1	4	1	7	3	6	2
86	"female"	23	1	5	2	7	2	6	1
86	"female"	24	1	6	3	5	1	4	1
86	"female"	25	3	6	4	4	2	4	1
86	"female"	26	1	4	1	5	3	4	1
86	"female"	28	1	6	2	6	2	5	1
86	"female"	29	2	5	3	3	1	5	1
86	"female"	30	1	5	1	4	1	6	1
86	"female"	33	1	3	1	4	1	6	1
86	"female"	34	1	6	2	5	2	3	1
86	"female"	35	1	6	2	5	1	4	1
86	"female"	37	1	6	2	4	2	4	1
86	"female"	38	1	5	1	5	2	4	1
86	"female"	39	3	7	3	3	1	4	1
87	"male"	1	4	7	2	4	3	2	2
87	"male"	2	5	7	3	2	3	1	2
87	"male"	3	7	7	4	2	2	1	2
87	"male"	4	2	6	1	4	5	3	3
87	"male"	5	4	6	3	3	3	3	2
87	"male"	6	3	6	1	4	5	2	2
87	"male"	7	5	7	3	3	5	3	3
87	"male"	8	4	7	2	2	3	1	1
87	"male"	9	3	6	2	3	4	5	3
87	"male"	10	4	7	3	4	4	3	3
87	"male"	12	3	7	3	3	3	1	2
87	"male"	15	4	7	2	4	4	3	3
87	"male"	16	3	7	2	5	5	3	4
87	"male"	17	5	7	4	2	2	1	1
87	"male"	18	4	7	3	4	2	2	2
87	"male"	20	5	7	3	2	5	3	3
87	"male"	21	3	6	1	5	3	4	3
87	"male"	22	6	7	4	3	3	3	1
87	"male"	23	5	7	3	2	3	2	1
87	"male"	24	3	6	3	4	4	2	1
87	"male"	25	4	7	2	4	4	2	3
87	"male"	26	2	6	3	4	4	3	2
87	"male"	27	4	7	2	2	3	2	3
87	"male"	28	7	7	5	2	3	1	2
87	"male"	29	2	5	2	5	6	3	4
87	"male"	30	5	7	4	1	4	1	1
87	"male"	32	3	7	3	3	4	2	1
87	"male"	33	6	7	5	3	3	1	1
87	"male"	34	4	7	3	4	3	2	2
87	"male"	37	5	7	3	4	2	2	1
87	"male"	38	4	7	3	4	4	4	2
87	"male"	39	1	5	1	6	6	4	4
87	"male"	40	5	7	2	2	2	2	1
88	"female"	2	5	5	4	2	1	3	1
88	"female"	3	4	6	3	2	1	2	1
88	"female"	4	4	5	4	3	1	4	1
88	"female"	5	3	4	3	4	1	5	1
88	"female"	6	4	5	4	3	1	2	2
88	"female"	7	3	4	3	4	1	4	1
88	"female"	8	4	6	4	3	1	2	1
88	"female"	9	3	5	3	4	1	1	1
88	"female"	11	2	4	2	4	1	3	1
88	"female"	15	4	6	3	4	1	3	1
88	"female"	16	4	5	4	4	1	2	1
88	"female"	17	5	6	5	2	1	3	1
88	"female"	18	4	3	1	6	1	5	2
88	"female"	23	4	4	4	2	1	2	1
88	"female"	24	3	5	3	4	1	2	1
88	"female"	25	4	4	3	5	1	4	1
88	"female"	26	3	5	3	3	1	2	1
88	"female"	29	5	5	5	2	1	1	1
88	"female"	30	5	5	3	3	1	3	1
88	"female"	31	5	5	5	3	1	2	1
88	"female"	32	4	6	4	4	1	3	1
88	"female"	33	4	6	3	4	1	3	2
88	"female"	34	4	5	3	3	1	1	1
88	"female"	35	3	4	3	3	1	2	1
88	"female"	36	3	3	2	5	1	5	1
88	"female"	37	3	4	4	3	1	4	1
88	"female"	38	4	6	4	2	1	2	1
88	"female"	40	6	6	4	3	1	3	1
89	"female"	1	3	5	1	2	1	1	1
89	"female"	2	6	4	1	1	1	2	1
89	"female"	3	5	6	3	2	1	1	1
89	"female"	4	5	6	2	1	1	1	2
89	"female"	5	5	5	3	2	1	1	1
89	"female"	6	5	6	3	1	1	1	1
89	"female"	7	6	7	3	1	1	1	1
89	"female"	8	4	5	1	1	1	1	2
89	"female"	9	6	5	3	1	1	1	1
89	"female"	12	5	5	1	1	1	1	1
89	"female"	13	5	5	2	3	1	2	1
89	"female"	15	5	6	3	1	1	1	1
89	"female"	16	7	6	4	1	1	1	1
89	"female"	17	6	7	3	1	1	1	1
89	"female"	19	7	6	4	1	1	1	1
89	"female"	21	5	7	3	1	1	1	1
89	"female"	23	5	7	4	1	1	1	1
89	"female"	24	6	5	2	1	1	1	1
89	"female"	25	6	6	2	2	1	1	1
89	"female"	26	5	6	3	1	1	1	1
89	"female"	28	4	3	1	2	1	1	2
89	"female"	29	5	6	4	2	1	2	1
89	"female"	31	6	6	3	1	1	1	1
89	"female"	34	7	7	5	1	1	1	1
89	"female"	35	6	6	3	1	1	1	1
89	"female"	36	5	6	2	1	1	1	1
89	"female"	37	6	7	4	2	1	1	2
89	"female"	38	6	6	3	1	1	1	1
89	"female"	39	4	4	2	1	1	1	1
89	"female"	40	4	4	1	1	1	1	2
90	"female"	1	1	3	1	4	7	6	1
90	"female"	2	1	6	1	3	6	3	1
90	"female"	3	1	5	1	3	4	5	2
90	"female"	4	1	5	1	5	7	7	1
90	"female"	6	1	4	1	5	7	6	1
90	"female"	9	1	5	1	6	5	6	3
90	"female"	10	1	6	1	5	5	5	2
90	"female"	11	1	4	1	5	7	7	1
90	"female"	12	1	5	1	6	6	7	2
90	"female"	13	1	4	1	5	7	7	2
90	"female"	14	1	5	1	4	7	5	1
90	"female"	15	1	4	1	5	7	5	1
90	"female"	16	2	5	1	4	5	7	1
90	"female"	17	1	5	1	4	6	6	2
90	"female"	18	1	4	1	5	7	5	1
90	"female"	19	1	5	1	5	6	6	1
90	"female"	20	1	3	1	4	6	6	1
90	"female"	22	1	5	1	6	7	6	2
90	"female"	24	1	5	1	5	7	6	1
90	"female"	25	1	5	1	5	7	7	1
90	"female"	26	2	6	1	3	5	5	1
90	"female"	27	1	3	1	6	6	6	1
90	"female"	28	1	3	1	4	7	6	2
90	"female"	29	2	5	1	2	4	4	1
90	"female"	30	1	5	1	4	5	5	1
90	"female"	31	1	6	1	2	6	4	1
90	"female"	32	1	5	1	4	7	6	1
90	"female"	33	1	6	2	5	7	6	1
90	"female"	35	1	4	1	5	6	6	1
90	"female"	36	1	4	1	5	7	7	1
90	"female"	37	2	5	1	4	6	6	1
90	"female"	38	1	3	1	5	6	5	1
90	"female"	39	1	5	1	4	6	5	1
90	"female"	40	1	4	1	5	6	7	1
91	"female"	2	1	1	1	6	2	7	4
91	"female"	4	2	3	4	5	1	4	1
91	"female"	5	1	1	1	5	1	5	2
91	"female"	6	3	1	2	3	2	5	2
91	"female"	7	2	2	1	5	1	5	2
91	"female"	8	2	2	3	4	1	5	1
91	"female"	9	3	3	3	4	1	3	1
91	"female"	10	3	1	3	4	1	4	1
91	"female"	11	3	2	3	5	1	5	2
91	"female"	12	3	1	4	4	1	5	3
91	"female"	16	3	3	3	4	1	3	1
91	"female"	17	2	2	3	5	1	5	2
91	"female"	18	2	2	3	4	1	6	2
91	"female"	19	2	1	1	4	2	5	1
91	"female"	20	3	4	2	4	1	5	2
91	"female"	22	2	1	3	7	1	6	5
91	"female"	23	2	3	3	4	1	4	2
91	"female"	24	3	2	2	5	1	4	1
91	"female"	25	2	1	3	4	1	3	2
91	"female"	26	3	3	2	5	2	4	1
91	"female"	27	3	2	3	2	1	4	1
91	"female"	29	3	2	2	3	1	4	1
91	"female"	30	2	1	2	6	1	6	1
91	"female"	31	4	2	3	4	1	4	2
91	"female"	32	2	1	2	3	1	4	2
91	"female"	33	2	1	2	5	1	4	2
91	"female"	34	4	3	4	3	1	3	1
91	"female"	35	3	3	4	4	1	3	1
91	"female"	36	3	2	2	5	1	6	1
91	"female"	37	4	2	4	3	1	4	1
91	"female"	39	1	1	1	4	1	5	1
91	"female"	40	3	3	3	5	1	3	1
92	"female"	2	6	3	4	5	2	3	2
92	"female"	4	5	2	4	6	1	4	3
92	"female"	5	7	3	6	5	2	2	2
92	"female"	6	6	3	4	5	1	1	1
92	"female"	7	4	1	2	7	4	4	4
92	"female"	8	7	3	5	5	1	1	2
92	"female"	9	6	2	3	6	2	3	4
92	"female"	10	7	3	5	5	2	3	4
92	"female"	11	7	2	4	5	1	1	2
92	"female"	12	7	2	5	6	2	2	3
92	"female"	13	6	1	4	7	1	1	1
92	"female"	14	7	3	4	4	1	1	2
92	"female"	15	5	2	5	5	1	2	1
92	"female"	18	6	3	5	6	3	2	2
92	"female"	19	6	3	5	3	2	1	2
92	"female"	21	6	2	4	6	3	2	3
92	"female"	22	6	2	5	6	1	2	4
92	"female"	23	5	2	4	7	2	2	2
92	"female"	24	5	1	4	6	2	3	2
92	"female"	25	5	2	2	6	2	3	4
92	"female"	26	6	2	4	5	1	1	2
92	"female"	27	7	4	4	5	1	1	2
92	"female"	28	5	2	2	6	2	2	2
92	"female"	29	6	3	3	5	2	2	3
92	"female"	31	5	1	3	6	1	3	2
92	"female"	32	6	2	3	5	2	2	3
92	"female"	34	4	1	3	6	2	1	3
92	"female"	35	6	2	4	4	1	1	1
92	"female"	36	6	3	3	4	1	2	2
92	"female"	37	6	3	4	5	1	1	3
92	"female"	38	7	3	5	5	1	3	3
92	"female"	40	6	3	3	5	1	2	2
93	"female"	1	2	7	4	1	1	1	1
93	"female"	3	1	5	2	1	1	1	1
93	"female"	4	3	7	5	1	1	1	1
93	"female"	5	2	7	4	1	1	2	1
93	"female"	6	1	5	3	1	1	1	1
93	"female"	8	3	6	4	1	1	1	1
93	"female"	9	3	5	4	1	1	1	1
93	"female"	10	3	5	3	1	1	2	1
93	"female"	11	1	5	3	1	1	1	1
93	"female"	12	3	6	3	1	1	1	1
93	"female"	13	2	6	3	1	1	2	1
93	"female"	14	1	4	2	1	1	1	1
93	"female"	15	3	6	3	1	1	1	1
93	"female"	17	1	5	3	1	1	1	1
93	"female"	18	4	7	5	1	1	1	1
93	"female"	19	2	6	3	1	1	1	1
93	"female"	20	2	6	2	1	1	1	1
93	"female"	22	2	6	4	1	1	1	1
93	"female"	23	2	5	4	1	1	2	1
93	"female"	24	1	5	4	1	1	1	1
93	"female"	25	3	5	4	1	1	1	1
93	"female"	26	1	5	3	1	1	2	1
93	"female"	27	3	5	3	1	1	1	1
93	"female"	28	1	4	3	1	1	1	1
93	"female"	29	2	5	4	1	1	1	1
93	"female"	30	2	4	4	1	1	2	1
93	"female"	31	1	5	3	1	2	1	1
93	"female"	34	1	6	3	1	1	1	1
93	"female"	35	2	5	3	1	1	1	1
93	"female"	36	2	6	3	1	1	1	1
93	"female"	37	1	5	3	2	2	3	1
93	"female"	38	2	6	3	1	1	1	1
93	"female"	40	1	3	3	1	2	3	1
94	"male"	1	7	7	4	3	3	3	4
94	"male"	3	7	7	4	4	2	2	4
94	"male"	4	6	7	6	4	2	2	5
94	"male"	5	5	7	4	3	2	2	4
94	"male"	7	6	7	5	4	2	1	3
94	"male"	9	7	7	4	4	1	3	6
94	"male"	10	4	7	4	3	2	3	5
94	"male"	11	6	7	5	4	3	3	3
94	"male"	14	6	7	5	4	3	4	6
94	"male"	15	5	6	4	5	3	5	4
94	"male"	16	7	7	5	2	2	1	5
94	"male"	17	5	7	2	4	4	2	6
94	"male"	18	6	7	5	3	1	1	3
94	"male"	19	7	7	5	4	3	3	6
94	"male"	20	5	7	4	3	2	1	5
94	"male"	22	5	7	4	3	3	2	5
94	"male"	23	5	7	3	4	3	2	4
94	"male"	24	7	7	6	1	1	1	4
94	"male"	25	6	7	6	1	3	2	3
94	"male"	26	6	7	4	4	4	3	4
94	"male"	27	4	7	3	6	4	4	6
94	"male"	29	6	7	4	5	2	1	4
94	"male"	30	7	7	5	3	2	2	4
94	"male"	33	6	7	4	3	2	4	4
94	"male"	34	6	7	5	3	1	1	4
94	"male"	35	7	7	6	3	1	1	4
94	"male"	36	7	7	6	4	1	2	4
94	"male"	37	7	7	5	3	4	3	4
94	"male"	38	3	6	2	4	2	3	4
94	"male"	40	7	7	6	2	3	2	4
95	"male"	1	7	6	6	1	1	1	1
95	"male"	3	7	7	7	1	1	1	1
95	"male"	4	7	5	5	1	1	1	1
95	"male"	5	5	6	5	1	1	1	1
95	"male"	7	7	7	7	1	1	1	1
95	"male"	8	7	7	7	1	1	1	1
95	"male"	9	7	7	7	1	1	1	1
95	"male"	10	7	5	6	1	1	1	1
95	"male"	12	6	5	7	1	1	1	1
95	"male"	13	7	7	7	1	1	1	1
95	"male"	14	7	7	7	1	1	1	1
95	"male"	15	7	5	6	1	1	1	1
95	"male"	16	7	5	6	1	1	2	1
95	"male"	17	6	5	6	1	1	1	1
95	"male"	19	7	6	7	1	1	1	1
95	"male"	20	6	6	7	1	1	1	1
95	"male"	23	7	7	7	1	1	1	1
95	"male"	24	7	7	7	1	1	1	1
95	"male"	25	7	7	6	1	1	1	1
95	"male"	26	7	5	7	1	1	1	1
95	"male"	27	6	5	5	1	1	2	2
95	"male"	28	6	5	6	2	1	2	1
95	"male"	29	7	6	7	1	1	1	1
95	"male"	31	6	6	6	1	1	1	1
95	"male"	32	7	5	7	2	1	1	1
95	"male"	34	6	5	4	1	1	3	1
95	"male"	35	7	5	7	1	1	1	1
95	"male"	36	7	7	7	1	1	1	1
95	"male"	37	6	5	5	1	1	1	1
95	"male"	38	6	6	7	1	1	2	1
95	"male"	39	6	5	6	1	1	2	1
95	"male"	40	7	6	6	1	1	1	1
96	"female"	2	2	6	1	4	5	5	2
96	"female"	3	4	7	2	3	6	4	2
96	"female"	4	3	6	1	3	4	3	1
96	"female"	5	4	7	1	2	3	2	1
96	"female"	7	4	7	1	5	5	5	2
96	"female"	8	3	5	2	3	5	5	1
96	"female"	9	4	7	2	2	3	6	1
96	"female"	10	2	5	1	5	5	6	1
96	"female"	12	3	6	1	4	5	4	1
96	"female"	13	5	7	1	1	3	2	1
96	"female"	15	2	5	1	4	3	5	1
96	"female"	16	3	7	2	4	5	4	1
96	"female"	17	4	7	2	2	4	5	1
96	"female"	18	5	7	1	3	4	4	3
96	"female"	20	3	6	2	2	5	5	1
96	"female"	21	3	6	1	3	4	5	1
96	"female"	22	3	7	1	3	3	5	1
96	"female"	23	3	7	1	3	4	4	1
96	"female"	24	3	6	1	2	4	5	1
96	"female"	25	4	7	2	2	6	5	1
96	"female"	26	3	7	1	3	4	4	1
96	"female"	27	3	6	1	4	6	4	1
96	"female"	28	3	6	1	3	4	5	1
96	"female"	29	5	7	2	3	3	4	1
96	"female"	30	4	6	1	2	4	4	1
96	"female"	31	3	7	1	2	2	3	1
96	"female"	32	3	6	2	3	6	6	1
96	"female"	33	5	7	2	3	4	5	1
96	"female"	34	3	5	1	2	4	4	1
96	"female"	35	4	7	3	3	2	3	1
96	"female"	36	3	6	1	2	3	4	1
96	"female"	37	4	7	1	3	2	4	1
96	"female"	38	6	7	3	2	4	3	1
96	"female"	39	4	7	2	1	3	2	1
96	"female"	40	4	7	1	2	2	3	1
97	"female"	1	5	7	3	5	5	3	3
97	"female"	3	7	7	2	5	6	4	2
97	"female"	5	6	7	3	6	6	4	2
97	"female"	6	5	7	3	5	5	3	1
97	"female"	7	6	7	3	5	5	4	1
97	"female"	8	5	7	3	5	6	4	2
97	"female"	10	5	7	3	4	4	4	1
97	"female"	11	7	7	5	5	5	4	1
97	"female"	12	6	7	3	6	5	5	1
97	"female"	13	5	7	3	6	7	4	2
97	"female"	14	7	7	6	4	5	1	1
97	"female"	15	6	7	3	6	7	5	3
97	"female"	16	5	7	2	6	5	3	2
97	"female"	18	7	7	3	5	7	3	2
97	"female"	19	4	7	3	6	4	6	3
97	"female"	22	5	7	2	6	6	5	4
97	"female"	25	5	7	2	6	7	5	4
97	"female"	27	5	7	3	5	7	4	2
97	"female"	28	6	7	3	6	6	4	2
97	"female"	29	5	7	2	6	5	5	2
97	"female"	30	6	7	2	6	6	5	3
97	"female"	31	6	7	3	5	7	6	2
97	"female"	32	6	7	3	6	6	5	2
97	"female"	33	5	7	3	6	6	5	1
97	"female"	34	6	7	4	6	6	4	2
97	"female"	36	7	7	4	5	6	2	1
97	"female"	38	6	7	4	6	5	3	2
97	"female"	39	5	7	3	6	5	4	2
98	"female"	1	5	5	5	1	1	4	1
98	"female"	3	4	4	5	2	1	4	1
98	"female"	5	5	5	5	1	1	4	1
98	"female"	6	5	4	5	2	1	4	1
98	"female"	7	6	5	6	1	1	3	1
98	"female"	8	4	6	6	1	1	2	1
98	"female"	10	4	5	5	2	1	3	1
98	"female"	11	6	6	7	1	1	2	1
98	"female"	12	5	5	4	2	1	4	1
98	"female"	14	4	6	4	1	1	4	1
98	"female"	15	6	6	7	1	1	4	1
98	"female"	16	3	4	5	1	1	4	1
98	"female"	17	4	5	6	1	1	3	1
98	"female"	20	5	6	5	1	1	4	1
98	"female"	22	4	5	4	3	1	4	2
98	"female"	24	6	5	6	2	1	2	1
98	"female"	25	7	7	7	1	1	3	1
98	"female"	26	4	5	5	1	1	4	1
98	"female"	27	5	6	6	1	1	3	1
98	"female"	28	4	6	5	1	1	3	1
98	"female"	29	4	3	3	1	1	4	1
98	"female"	30	4	6	4	1	1	4	1
98	"female"	31	3	4	5	1	1	5	1
98	"female"	32	6	4	5	2	1	4	1
98	"female"	34	3	4	4	1	1	3	1
98	"female"	36	4	4	2	1	1	4	1
98	"female"	37	7	6	7	1	1	4	1
98	"female"	38	6	6	7	1	1	3	1
98	"female"	39	5	5	5	1	1	3	1
98	"female"	40	4	3	5	2	1	4	1
99	"male"	2	2	7	4	2	2	3	1
99	"male"	3	2	7	3	4	3	3	3
99	"male"	4	1	6	3	5	3	2	2
99	"male"	5	1	7	3	3	3	1	1
99	"male"	7	1	7	3	5	2	3	3
99	"male"	8	1	7	3	4	3	2	1
99	"male"	9	2	7	4	4	2	1	1
99	"male"	10	3	7	4	3	3	1	1
99	"male"	11	4	7	4	3	2	1	1
99	"male"	12	2	7	4	4	1	2	2
99	"male"	13	1	7	2	5	3	3	2
99	"male"	15	2	7	3	4	2	1	1
99	"male"	16	3	7	2	3	2	2	1
99	"male"	17	2	7	4	2	1	1	1
99	"male"	18	3	7	4	2	2	1	1
99	"male"	19	1	7	3	4	2	2	2
99	"male"	21	2	7	3	3	3	1	1
99	"male"	22	3	7	4	2	1	1	1
99	"male"	23	3	7	3	2	4	1	1
99	"male"	24	1	6	2	4	2	2	2
99	"male"	26	2	7	5	2	2	1	1
99	"male"	27	1	7	2	3	2	2	1
99	"male"	28	1	7	3	3	1	1	1
99	"male"	29	2	7	5	1	1	1	1
99	"male"	30	1	7	3	3	3	1	2
99	"male"	32	3	7	4	5	3	2	2
99	"male"	33	2	7	3	4	2	1	1
99	"male"	35	3	7	3	3	2	2	1
99	"male"	36	2	7	3	5	4	4	3
99	"male"	37	2	7	3	4	1	1	1
99	"male"	38	1	7	4	3	3	2	2
99	"male"	39	2	7	4	3	2	2	1
99	"male"	40	2	7	4	3	1	1	1
100	"female"	1	5	7	5	3	1	3	1
100	"female"	3	4	7	4	4	1	5	1
100	"female"	5	4	7	4	4	1	3	1
100	"female"	6	5	7	5	3	1	3	1
100	"female"	7	5	7	3	2	1	3	1
100	"female"	8	5	7	6	1	1	4	1
100	"female"	9	5	7	3	5	1	4	1
100	"female"	11	5	7	4	3	1	4	1
100	"female"	12	1	6	2	4	2	4	1
100	"female"	13	5	7	5	2	1	2	1
100	"female"	14	6	7	4	3	1	5	1
100	"female"	15	5	7	5	2	1	2	1
100	"female"	17	5	7	5	1	1	3	1
100	"female"	19	5	7	3	3	1	6	2
100	"female"	20	6	7	6	2	1	2	1
100	"female"	22	2	7	3	4	2	4	3
100	"female"	23	5	7	6	3	1	2	1
100	"female"	24	4	7	4	5	1	4	1
100	"female"	25	5	7	5	2	1	4	1
100	"female"	26	5	7	4	3	1	3	1
100	"female"	27	5	7	3	2	1	3	1
100	"female"	28	4	7	5	4	1	5	1
100	"female"	29	3	7	2	2	1	3	1
100	"female"	30	4	7	5	3	1	4	1
100	"female"	31	5	7	5	3	1	4	1
100	"female"	33	3	7	2	2	1	4	1
100	"female"	34	3	7	3	4	1	4	1
100	"female"	35	4	7	5	3	1	3	1
100	"female"	36	3	7	3	4	1	4	1
100	"female"	37	4	7	4	4	1	5	1
100	"female"	38	6	7	6	4	1	3	1
100	"female"	39	4	7	4	2	1	3	1
100	"female"	40	3	7	4	3	1	2	1
